1 1 15
2 1 10
3 1 15
4 1 15
5 1 5
6 1 10
7 1 10
8 1 5
9 1 5
10 1 4
11 1 10
12 1 5
13 1 5
14 1 10
15 1 10
16 1 15
17 1 4
18 1 15
19 1 15
20 1 10
21 1 10
22 1 4
23 1 15
24 1 4
25 1 7
26 1 10
27 1 5
28 1 10
29 1 5
30 1 10
31 1 4
32 1 15
33 1 7
34 1 10
35 1 4
36 1 7
37 1 10
38 1 4
39 1 7
40 1 15
41 1 4
42 1 10
43 1 10
44 1 5
45 1 5
46 1 4
47 1 4
48 1 4
49 1 10
50 1 15
51 1 7
52 1 4
53 1 5
54 1 10
55 1 4
56 1 15
57 1 15
58 1 4
59 1 10
60 1 4
61 1 10
62 1 10
63 1 10
64 1 15
65 1 15
66 1 15
67 1 7
68 1 7
69 1 4
70 1 15
71 1 10
72 1 4
73 1 7
74 1 15
75 1 7
76 1 15
77 1 7
78 1 15
79 1 5
80 1 7
81 1 15
82 1 5
83 1 5
84 1 4
85 1 5
86 1 4
87 1 5
88 1 4
89 1 10
90 1 10
91 1 4
92 1 15
93 1 15
94 1 7
95 1 15
96 1 7
97 1 4
98 1 10
99 1 5
100 1 5
101 1 10
102 1 5
103 1 15
104 1 5
105 1 4
106 1 5
107 1 7
108 1 15
109 1 4
110 1 7
111 1 15
112 1 15
113 1 7
114 1 7
115 1 5
116 1 7
117 1 7
118 1 5
119 1 10
120 1 10
121 1 10
122 1 5
123 1 4
124 1 4
125 1 4
126 1 7
127 1 7
128 1 7
129 1 15
130 1 7
131 1 5
132 1 7
133 1 5
134 1 5
135 1 15
136 1 10
137 1 10
138 1 4
139 1 5
140 1 4
141 1 7
142 1 15
143 1 7
144 1 7
145 1 10
146 1 5
147 1 15
148 1 15
149 1 4
150 1 5
151 1 4
152 1 7
153 1 10
154 1 10
155 1 10
156 1 15
157 1 4
158 1 5
159 1 10
160 1 10
161 1 10
162 1 10
163 1 5
164 1 5
165 1 5
166 1 4
167 1 10
168 1 10
169 1 7
170 1 10
171 1 7
172 1 7
173 1 15
174 1 4
175 1 5
176 1 5
177 1 15
178 1 4
179 1 10
180 1 7
181 1 5
182 1 4
183 1 4
184 1 4
185 1 7
186 1 5
187 1 4
188 1 4
189 1 5
190 1 15
191 1 10
192 1 10
193 1 4
194 1 10
195 1 10
196 1 10
197 1 15
198 1 7
199 1 10
200 1 10
201 1 10
202 1 5
203 1 15
204 1 5
205 1 7
206 1 5
207 1 7
208 1 15
209 1 4
210 1 5
211 1 4
212 1 5
213 1 7
214 1 7
215 1 10
216 1 10
217 1 10
218 1 7
219 1 5
220 1 4
221 1 5
222 1 7
223 1 4
224 1 4
225 1 4
226 1 10
227 1 10
228 1 15
229 1 5
230 1 4
231 1 5
232 1 15
233 1 5
234 1 15
235 1 4
236 1 10
237 1 4
238 1 15
239 1 5
240 1 10
241 1 4
242 1 7
243 1 4
244 1 7
245 1 10
246 1 7
247 1 10
248 1 15
249 1 10
250 1 10
251 1 7
252 1 4
253 1 15
254 1 7
255 1 15
256 1 15
257 1 10
258 1 10
259 1 7
260 1 5
261 1 10
262 1 10
263 1 7
264 1 15
265 1 5
266 1 4
267 1 15
268 1 4
269 1 10
270 1 15
271 1 7
272 1 10
273 1 5
274 1 5
275 1 4
276 1 10
277 1 4
278 1 4
279 1 10
280 1 5
281 1 7
282 1 15
283 1 15
284 1 7
285 1 15
286 1 5
287 1 10
288 1 7
289 1 4
290 1 10
291 1 10
292 1 5
293 1 10
294 1 10
295 1 15
296 1 5
297 1 15
298 1 10
299 1 10
300 1 4
301 1 7
302 1 4
303 1 5
304 1 15
305 1 4
306 1 10
307 1 15
308 1 7
309 1 5
310 1 5
311 1 15
312 1 4
313 1 7
314 1 4
315 1 10
316 1 5
317 1 7
318 1 7
319 1 5
320 1 7
321 1 7
322 1 15
323 1 4
324 1 7
325 1 5
326 1 5
327 1 15
328 1 10
329 1 15
330 1 10
331 1 15
332 1 10
333 1 5
334 1 5
335 1 7
336 1 15
337 1 15
338 1 15
339 1 15
340 1 15
341 1 5
342 1 10
343 1 4
344 1 10
345 1 5
346 1 10
347 1 7
348 1 15
349 1 7
350 1 5
351 1 4
352 1 10
353 1 15
354 1 15
355 1 7
356 1 10
357 1 10
358 1 15
359 1 5
360 1 10
361 1 10
362 1 5
363 1 15
364 1 10
365 1 4
366 1 4
367 1 4
368 1 7
369 1 10
370 1 7
371 1 5
372 1 5
373 1 4
374 1 10
375 1 15
376 1 15
377 1 15
378 1 7
379 1 5
380 1 10
381 1 15
382 1 7
383 1 7
384 1 7
385 1 7
386 1 15
387 1 10
388 1 10
389 1 15
390 1 4
391 1 15
392 1 4
393 1 15
394 1 4
395 1 4
396 1 15
397 1 5
398 1 4
399 1 4
400 1 5
401 1 10
402 1 5
403 1 15
404 1 10
405 1 4
406 1 7
407 1 7
408 1 7
409 1 4
410 1 7
411 1 15
412 1 4
413 1 5
414 1 7
415 1 15
416 1 4
417 1 5
418 1 7
419 1 15
420 1 7
421 1 10
422 1 10
423 1 15
424 1 5
425 1 5
426 1 4
427 1 5
428 1 5
429 1 4
430 1 4
431 1 10
432 1 15
433 1 4
434 1 5
435 1 15
436 1 10
437 1 4
438 1 15
439 1 4
440 1 15
441 1 7
442 1 15
443 1 5
444 1 4
445 1 4
446 1 5
447 1 5
448 1 5
449 1 4
450 1 15
451 1 7
452 1 15
453 1 15
454 1 5
455 1 10
456 1 5
457 1 5
458 1 5
459 1 5
460 1 10
461 1 4
462 1 10
463 1 15
464 1 10
465 1 15
466 1 7
467 1 5
468 1 5
469 1 4
470 1 5
471 1 5
472 1 7
473 1 15
474 1 4
475 1 5
476 1 10
477 1 5
478 1 4
479 1 4
480 1 10
481 1 10
482 1 4
483 1 7
484 1 5
485 1 15
486 1 7
487 1 7
488 1 10
489 1 10
490 1 15
491 1 15
492 1 7
493 1 15
494 1 5
495 1 10
496 1 5
497 1 15
498 1 7
499 1 10
500 1 4
501 1 4
502 1 5
503 1 4
504 1 5
505 1 4
506 1 10
507 1 4
508 1 15
509 1 7
510 1 15
511 1 15
512 1 15
513 1 4
514 1 15
515 1 15
516 1 15
517 1 5
518 1 5
519 1 7
520 1 7
521 1 15
522 1 4
523 1 7
524 1 5
525 1 5
526 1 15
527 1 15
528 1 10
529 1 15
530 1 10
531 1 5
532 1 5
533 1 4
534 1 7
535 1 7
536 1 5
537 1 4
538 1 7
539 1 7
540 1 7
541 1 15
542 1 10
543 1 5
544 1 10
545 1 5
546 1 5
547 1 15
548 1 10
549 1 15
550 1 7
551 1 7
552 1 10
553 1 7
554 1 15
555 1 5
556 1 4
557 1 10
558 1 7
559 1 15
560 1 15
561 1 10
562 1 10
563 1 7
564 1 7
565 1 7
566 1 5
567 1 15
568 1 5
569 1 15
570 1 10
571 1 7
572 1 15
573 1 5
574 1 7
575 1 5
576 1 10
577 1 7
578 1 5
579 1 10
580 1 10
581 1 4
582 1 7
583 1 4
584 1 15
585 1 10
586 1 7
587 1 15
588 1 10
589 1 7
590 1 10
591 1 5
592 1 5
593 1 10
594 1 7
595 1 7
596 1 7
597 1 15
598 1 4
599 1 5
600 1 10
601 1 7
602 1 10
603 1 5
604 1 5
605 1 15
606 1 4
607 1 15
608 1 4
609 1 7
610 1 5
611 1 10
612 1 7
613 1 15
614 1 15
615 1 5
616 1 15
617 1 10
618 1 5
619 1 4
620 1 5
621 1 15
622 1 7
623 1 4
624 1 10
625 1 15
626 1 15
627 1 7
628 1 10
629 1 7
630 1 4
631 1 10
632 1 15
633 1 5
634 1 7
635 1 4
636 1 10
637 1 5
638 1 15
639 1 5
640 1 10
641 1 4
642 1 5
643 1 7
644 1 10
645 1 15
646 1 15
647 1 4
648 1 7
649 1 15
650 1 4
651 1 7
652 1 7
653 1 15
654 1 7
655 1 5
656 1 7
657 1 5
658 1 4
659 1 7
660 1 4
661 1 7
662 1 5
663 1 15
664 1 15
665 1 10
666 1 15
667 1 10
668 1 10
669 1 15
670 1 4
671 1 5
672 1 15
673 1 4
674 1 15
675 1 10
676 1 10
677 1 4
678 1 7
679 1 7
680 1 4
681 1 4
682 1 5
683 1 7
684 1 4
685 1 15
686 1 5
687 1 15
688 1 15
689 1 15
690 1 7
691 1 4
692 1 7
693 1 7
694 1 10
695 1 5
696 1 7
697 1 15
698 1 7
699 1 7
700 1 10
701 1 7
702 1 15
703 1 10
704 1 15
705 1 4
706 1 7
707 1 7
708 1 7
709 1 7
710 1 7
711 1 4
712 1 7
713 1 4
714 1 5
715 1 4
716 1 4
717 1 4
718 1 15
719 1 15
720 1 5
721 1 7
722 1 5
723 1 7
724 1 15
725 1 5
726 1 4
727 1 15
728 1 15
729 1 7
730 1 4
731 1 5
732 1 5
733 1 4
734 1 10
735 1 7
736 1 4
737 1 15
738 1 7
739 1 4
740 1 7
741 1 7
742 1 7
743 1 7
744 1 10
745 1 7
746 1 10
747 1 4
748 1 4
749 1 4
750 1 15
751 1 7
752 1 15
753 1 7
754 1 15
755 1 4
756 1 5
757 1 10
758 1 10
759 1 7
760 1 15
761 1 15
762 1 10
763 1 7
764 1 7
765 1 7
766 1 7
767 1 5
768 1 5
769 1 15
770 1 7
771 1 10
772 1 7
773 1 5
774 1 5
775 1 10
776 1 5
777 1 7
778 1 5
779 1 7
780 1 7
781 1 5
782 1 15
783 1 5
784 1 7
785 1 4
786 1 15
787 1 10
788 1 4
789 1 5
790 1 4
791 1 7
792 1 7
793 1 4
794 1 15
795 1 10
796 1 15
797 1 5
798 1 15
799 1 4
800 1 7
801 1 7
802 1 5
803 1 15
804 1 15
805 1 15
806 1 5
807 1 7
808 1 5
809 1 10
810 1 10
811 1 4
812 1 15
813 1 15
814 1 5
815 1 4
816 1 5
817 1 4
818 1 5
819 1 5
820 1 10
821 1 15
822 1 4
823 1 10
824 1 4
825 1 4
826 1 5
827 1 5
828 1 4
829 1 4
830 1 15
831 1 7
832 1 5
833 1 5
834 1 4
835 1 15
836 1 5
837 1 7
838 1 4
839 1 15
840 1 4
841 1 15
842 1 5
843 1 5
844 1 5
845 1 7
846 1 7
847 1 10
848 1 15
849 1 5
850 1 10
851 1 4
852 1 4
853 1 4
854 1 7
855 1 4
856 1 15
857 1 5
858 1 7
859 1 7
860 1 4
861 1 4
862 1 15
863 1 15
864 1 4
865 1 15
866 1 7
867 1 5
868 1 15
869 1 15
870 1 10
871 1 10
872 1 10
873 1 15
874 1 5
875 1 4
876 1 7
877 1 5
878 1 10
879 1 10
880 1 15
881 1 10
882 1 4
883 1 10
884 1 10
885 1 7
886 1 5
887 1 15
888 1 15
889 1 10
890 1 15
891 1 7
892 1 15
893 1 7
894 1 5
895 1 15
896 1 5
897 1 15
898 1 4
899 1 10
900 1 15
901 1 5
902 1 7
903 1 10
904 1 5
905 1 10
906 1 7
907 1 5
908 1 15
909 1 15
910 1 4
911 1 4
912 1 15
913 1 4
914 1 4
915 1 7
916 1 5
917 1 4
918 1 10
919 1 5
920 1 7
921 1 4
922 1 15
923 1 7
924 1 15
925 1 5
926 1 5
927 1 4
928 1 10
929 1 4
930 1 7
931 1 7
932 1 5
933 1 5
934 1 7
935 1 10
936 1 7
937 1 15
938 1 5
939 1 10
940 1 15
941 1 10
942 1 7
943 1 7
944 1 15
945 1 15
946 1 15
947 1 10
948 1 5
949 1 15
950 1 10
951 1 5
952 1 5
953 1 15
954 1 5
955 1 5
956 1 15
957 1 5
958 1 7
959 1 4
960 1 7
961 1 5
962 1 15
963 1 4
964 1 7
965 1 5
966 1 4
967 1 5
968 1 15
969 1 4
970 1 4
971 1 7
972 1 4
973 1 4
974 1 5
975 1 4
976 1 15
977 1 15
978 1 7
979 1 5
980 1 4
981 1 4
982 1 15
983 1 5
984 1 7
985 1 4
986 1 5
987 1 4
988 1 4
989 1 15
990 1 5
991 1 5
992 1 5
993 1 4
994 1 5
995 1 7
996 1 4
997 1 4
998 1 4
999 1 7
1000 1 5
1001 1 10
1002 1 4
1003 1 4
1004 1 4
1005 1 7
1006 1 10
1007 1 7
1008 1 5
1009 1 4
1010 1 7
1011 1 15
1012 1 5
1013 1 10
1014 1 5
1015 1 15
1016 1 10
1017 1 7
1018 1 7
1019 1 10
1020 1 15
1021 1 15
1022 1 4
1023 1 10
1024 1 15
1025 1 4
1026 1 10
1027 1 4
1028 1 7
1029 1 5
1030 1 5
1031 1 7
1032 1 5
1033 1 10
1034 1 5
1035 1 15
1036 1 10
1037 1 7
1038 1 7
1039 1 5
1040 1 7
1041 1 15
1042 1 10
1043 1 7
1044 1 10
1045 1 7
1046 1 10
1047 1 4
1048 1 4
1049 1 5
1050 1 15
1051 1 4
1052 1 5
1053 1 4
1054 1 7
1055 1 4
1056 1 4
1057 1 7
1058 1 10
1059 1 5
1060 1 5
1061 1 5
1062 1 7
1063 1 10
1064 1 15
1065 1 7
1066 1 5
1067 1 4
1068 1 10
1069 1 15
1070 1 7
1071 1 15
1072 1 10
1073 1 7
1074 1 15
1075 1 7
1076 1 7
1077 1 10
1078 1 4
1079 1 10
1080 1 4
1081 1 5
1082 1 10
1083 1 5
1084 1 4
1085 1 7
1086 1 7
1087 1 10
1088 1 4
1089 1 15
1090 1 5
1091 1 4
1092 1 10
1093 1 4
1094 1 4
1095 1 10
1096 1 10
1097 1 10
1098 1 4
1099 1 10
1100 1 5
1101 1 15
1102 1 7
1103 1 10
1104 1 7
1105 1 15
1106 1 4
1107 1 7
1108 1 10
1109 1 15
1110 1 5
1111 1 15
1112 1 4
1113 1 15
1114 1 10
1115 1 15
1116 1 5
1117 1 7
1118 1 7
1119 1 15
1120 1 4
1121 1 4
1122 1 15
1123 1 5
1124 1 15
1125 1 5
1126 1 10
1127 1 7
1128 1 4
1129 1 15
1130 1 4
1131 1 4
1132 1 15
1133 1 10
1134 1 10
1135 1 4
1136 1 15
1137 1 7
1138 1 4
1139 1 7
1140 1 5
1141 1 15
1142 1 10
1143 1 10
1144 1 10
1145 1 5
1146 1 4
1147 1 10
1148 1 15
1149 1 10
1150 1 15
1151 1 7
1152 1 15
1153 1 4
1154 1 15
1155 1 7
1156 1 15
1157 1 15
1158 1 7
1159 1 15
1160 1 7
1161 1 15
1162 1 15
1163 1 15
1164 1 4
1165 1 15
1166 1 5
1167 1 5
1168 1 15
1169 1 15
1170 1 10
1171 1 7
1172 1 5
1173 1 15
1174 1 7
1175 1 5
1176 1 5
1177 1 7
1178 1 4
1179 1 15
1180 1 10
1181 1 15
1182 1 5
1183 1 10
1184 1 15
1185 1 4
1186 1 5
1187 1 10
1188 1 15
1189 1 5
1190 1 7
1191 1 15
1192 1 10
1193 1 10
1194 1 10
1195 1 15
1196 1 15
1197 1 5
1198 1 5
1199 1 7
1200 1 10
1201 1 15
1202 1 5
1203 1 10
1204 1 7
1205 1 5
1206 1 4
1207 1 7
1208 1 5
1209 1 15
1210 1 10
1211 1 5
1212 1 4
1213 1 5
1214 1 10
1215 1 5
1216 1 10
1217 1 4
1218 1 15
1219 1 7
1220 1 7
1221 1 7
1222 1 15
1223 1 15
1224 1 5
1225 1 7
1226 1 10
1227 1 10
1228 1 5
1229 1 5
1230 1 10
1231 1 15
1232 1 5
1233 1 10
1234 1 15
1235 1 10
1236 1 10
1237 1 10
1238 1 4
1239 1 5
1240 1 10
1241 1 5
1242 1 5
1243 1 15
1244 1 4
1245 1 5
1246 1 10
1247 1 5
1248 1 15
1249 1 4
1250 1 15
1251 1 5
1252 1 5
1253 1 5
1254 1 5
1255 1 7
1256 1 4
1257 1 15
1258 1 5
1259 1 5
1260 1 5
1261 1 15
1262 1 15
1263 1 7
1264 1 15
1265 1 7
1266 1 5
1267 1 4
1268 1 15
1269 1 10
1270 1 4
1271 1 5
1272 1 10
1273 1 7
1274 1 7
1275 1 4
1276 1 10
1277 1 7
1278 1 10
1279 1 5
1280 1 15
1281 1 10
1282 1 4
1283 1 10
1284 1 10
1285 1 5
1286 1 15
1287 1 15
1288 1 7
1289 1 15
1290 1 15
1291 1 15
1292 1 10
1293 1 15
1294 1 7
1295 1 10
1296 1 15
1297 1 10
1298 1 7
1299 1 5
1300 1 10
1301 1 7
1302 1 5
1303 1 7
1304 1 4
1305 1 15
1306 1 15
1307 1 10
1308 1 15
1309 1 5
1310 1 15
1311 1 5
1312 1 5
1313 1 10
1314 1 10
1315 1 4
1316 1 5
1317 1 4
1318 1 10
1319 1 4
1320 1 15
1321 1 15
1322 1 7
1323 1 5
1324 1 7
1325 1 5
1326 1 4
1327 1 7
1328 1 15
1329 1 15
1330 1 15
1331 1 7
1332 1 7
1333 1 5
1334 1 4
1335 1 15
1336 1 7
1337 1 10
1338 1 5
1339 1 4
1340 1 7
1341 1 4
1342 1 7
1343 1 15
1344 1 5
1345 1 10
1346 1 4
1347 1 15
1348 1 4
1349 1 4
1350 1 15
1351 1 10
1352 1 7
1353 1 15
1354 1 7
1355 1 4
1356 1 10
1357 1 4
1358 1 15
1359 1 7
1360 1 7
1361 1 4
1362 1 10
1363 1 15
1364 1 15
1365 1 7
1366 1 5
1367 1 10
1368 1 7
1369 1 5
1370 1 4
1371 1 10
1372 1 7
1373 1 10
1374 1 10
1375 1 15
1376 1 4
1377 1 5
1378 1 10
1379 1 5
1380 1 15
1381 1 5
1382 1 5
1383 1 7
1384 1 10
1385 1 15
1386 1 10
1387 1 7
1388 1 10
1389 1 5
1390 1 5
1391 1 7
1392 1 10
1393 1 5
1394 1 15
1395 1 4
1396 1 15
1397 1 4
1398 1 15
1399 1 10
1400 1 15
1401 1 5
1402 1 15
1403 1 4
1404 1 15
1405 1 7
1406 1 7
1407 1 10
1408 1 10
1409 1 10
1410 1 10
1411 1 10
1412 1 15
1413 1 15
1414 1 7
1415 1 5
1416 1 10
1417 1 10
1418 1 7
1419 1 5
1420 1 5
1421 1 5
1422 1 10
1423 1 5
1424 1 15
1425 1 7
1426 1 4
1427 1 10
1428 1 5
1429 1 10
1430 1 4
1431 1 4
1432 1 7
1433 1 5
1434 1 10
1435 1 7
1436 1 15
1437 1 5
1438 1 5
1439 1 5
1440 1 10
1441 1 10
1442 1 5
1443 1 4
1444 1 10
1445 1 5
1446 1 5
1447 1 4
1448 1 15
1449 1 5
1450 1 5
1451 1 15
1452 1 10
1453 1 4
1454 1 4
1455 1 15
1456 1 15
1457 1 4
1458 1 5
1459 1 5
1460 1 5
1461 1 10
1462 1 4
1463 1 15
1464 1 10
1465 1 10
1466 1 10
1467 1 15
1468 1 5
1469 1 7
1470 1 5
1471 1 15
1472 1 15
1473 1 5
1474 1 10
1475 1 15
1476 1 7
1477 1 4
1478 1 15
1479 1 7
1480 1 10
1481 1 10
1482 1 4
1483 1 15
1484 1 4
1485 1 5
1486 1 4
1487 1 5
1488 1 7
1489 1 4
1490 1 7
1491 1 7
1492 1 4
1493 1 5
1494 1 7
1495 1 7
1496 1 15
1497 1 7
1498 1 10
1499 1 4
1500 1 4
1501 1 10
1502 1 7
1503 1 4
1504 1 10
1505 1 10
1506 1 15
1507 1 5
1508 1 5
1509 1 4
1510 1 7
1511 1 4
1512 1 5
1513 1 15
1514 1 4
1515 1 10
1516 1 10
1517 1 10
1518 1 15
1519 1 15
1520 1 4
1521 1 7
1522 1 15
1523 1 15
1524 1 10
1525 1 5
1526 1 5
1527 1 15
1528 1 15
1529 1 5
1530 1 4
1531 1 7
1532 1 7
1533 1 10
1534 1 15
1535 1 15
1536 1 15
1537 1 5
1538 1 4
1539 1 4
1540 1 7
1541 1 5
1542 1 4
1543 1 15
1544 1 15
1545 1 10
1546 1 4
1547 1 7
1548 1 15
1549 1 15
1550 1 10
1551 1 15
1552 1 15
1553 1 4
1554 1 5
1555 1 5
1556 1 15
1557 1 5
1558 1 4
1559 1 10
1560 1 4
1561 1 10
1562 1 5
1563 1 7
1564 1 5
1565 1 5
1566 1 7
1567 1 4
1568 1 4
1569 1 5
1570 1 7
1571 1 4
1572 1 10
1573 1 4
1574 1 10
1575 1 15
1576 1 10
1577 1 10
1578 1 10
1579 1 10
1580 1 15
1581 1 7
1582 1 4
1583 1 15
1584 1 10
1585 1 10
1586 1 7
1587 1 7
1588 1 10
1589 1 15
1590 1 4
1591 1 7
1592 1 7
1593 1 15
1594 1 4
1595 1 7
1596 1 7
1597 1 7
1598 1 10
1599 1 4
1600 1 15
1601 1 10
1602 1 10
1603 1 10
1604 1 5
1605 1 10
1606 1 5
1607 1 15
1608 1 15
1609 1 7
1610 1 15
1611 1 7
1612 1 4
1613 1 7
1614 1 15
1615 1 15
1616 1 4
1617 1 4
1618 1 4
1619 1 15
1620 1 5
1621 1 7
1622 1 15
1623 1 5
1624 1 7
1625 1 5
1626 1 4
1627 1 15
1628 1 10
1629 1 15
1630 1 7
1631 1 5
1632 1 5
1633 1 5
1634 1 15
1635 1 10
1636 1 4
1637 1 5
1638 1 5
1639 1 7
1640 1 4
1641 1 10
1642 1 10
1643 1 4
1644 1 7
1645 1 4
1646 1 10
1647 1 10
1648 1 7
1649 1 7
1650 1 4
1651 1 4
1652 1 7
1653 1 7
1654 1 4
1655 1 10
1656 1 4
1657 1 15
1658 1 5
1659 1 10
1660 1 5
1661 1 15
1662 1 4
1663 1 15
1664 1 4
1665 1 5
1666 1 5
1667 1 4
1668 1 5
1669 1 10
1670 1 4
1671 1 4
1672 1 10
1673 1 5
1674 1 15
1675 1 4
1676 1 7
1677 1 10
1678 1 10
1679 1 15
1680 1 5
1681 1 4
1682 1 4
1683 1 10
1684 1 10
1685 1 5
1686 1 7
1687 1 4
1688 1 10
1689 1 5
1690 1 10
1691 1 5
1692 1 5
1693 1 5
1694 1 7
1695 1 7
1696 1 4
1697 1 7
1698 1 7
1699 1 15
1700 1 10
1701 1 7
1702 1 4
1703 1 10
1704 1 10
1705 1 7
1706 1 4
1707 1 4
1708 1 4
1709 1 4
1710 1 7
1711 1 15
1712 1 4
1713 1 4
1714 1 4
1715 1 5
1716 1 15
1717 1 4
1718 1 5
1719 1 10
1720 1 4
1721 1 5
1722 1 5
1723 1 10
1724 1 5
1725 1 10
1726 1 10
1727 1 10
1728 1 5
1729 1 7
1730 1 5
1731 1 5
1732 1 5
1733 1 7
1734 1 15
1735 1 4
1736 1 5
1737 1 10
1738 1 4
1739 1 15
1740 1 4
1741 1 15
1742 1 7
1743 1 5
1744 1 15
1745 1 15
1746 1 10
1747 1 15
1748 1 5
1749 1 10
1750 1 15
1751 1 10
1752 1 7
1753 1 7
1754 1 4
1755 1 15
1756 1 4
1757 1 7
1758 1 4
1759 1 7
1760 1 7
1761 1 5
1762 1 5
1763 1 10
1764 1 15
1765 1 7
1766 1 15
1767 1 10
1768 1 5
1769 1 5
1770 1 10
1771 1 5
1772 1 7
1773 1 15
1774 1 5
1775 1 4
1776 1 5
1777 1 15
1778 1 4
1779 1 10
1780 1 7
1781 1 5
1782 1 5
1783 1 7
1784 1 10
1785 1 5
1786 1 10
1787 1 5
1788 1 5
1789 1 7
1790 1 4
1791 1 5
1792 1 7
1793 1 10
1794 1 5
1795 1 5
1796 1 5
1797 1 5
1798 1 4
1799 1 5
1800 1 4
1801 1 15
1802 1 5
1803 1 15
1804 1 4
1805 1 15
1806 1 5
1807 1 15
1808 1 7
1809 1 15
1810 1 15
1811 1 15
1812 1 10
1813 1 5
1814 1 10
1815 1 15
1816 1 10
1817 1 7
1818 1 10
1819 1 7
1820 1 15
1821 1 5
1822 1 15
1823 1 7
1824 1 4
1825 1 7
1826 1 7
1827 1 10
1828 1 5
1829 1 7
1830 1 4
1831 1 4
1832 1 4
1833 1 4
1834 1 5
1835 1 4
1836 1 7
1837 1 4
1838 1 15
1839 1 4
1840 1 4
1841 1 4
1842 1 10
1843 1 10
1844 1 4
1845 1 15
1846 1 4
1847 1 5
1848 1 10
1849 1 10
1850 1 7
1851 1 5
1852 1 10
1853 1 10
1854 1 5
1855 1 4
1856 1 4
1857 1 7
1858 1 10
1859 1 10
1860 1 4
1861 1 5
1862 1 5
1863 1 10
1864 1 10
1865 1 10
1866 1 10
1867 1 15
1868 1 15
1869 1 7
1870 1 5
1871 1 5
1872 1 4
1873 1 7
1874 1 7
1875 1 7
1876 1 4
1877 1 5
1878 1 4
1879 1 4
1880 1 5
1881 1 10
1882 1 10
1883 1 10
1884 1 15
1885 1 7
1886 1 15
1887 1 4
1888 1 5
1889 1 10
1890 1 4
1891 1 15
1892 1 10
1893 1 15
1894 1 10
1895 1 5
1896 1 5
1897 1 4
1898 1 10
1899 1 7
1900 1 4
1901 1 5
1902 1 7
1903 1 15
1904 1 15
1905 1 4
1906 1 10
1907 1 7
1908 1 15
1909 1 4
1910 1 7
1911 1 5
1912 1 7
1913 1 10
1914 1 10
1915 1 10
1916 1 5
1917 1 5
1918 1 4
1919 1 5
1920 1 15
1921 1 10
1922 1 15
1923 1 10
1924 1 4
1925 1 10
1926 1 5
1927 1 10
1928 1 7
1929 1 4
1930 1 7
1931 1 4
1932 1 5
1933 1 10
1934 1 7
1935 1 4
1936 1 10
1937 1 10
1938 1 15
1939 1 4
1940 1 7
1941 1 15
1942 1 5
1943 1 4
1944 1 15
1945 1 7
1946 1 15
1947 1 5
1948 1 15
1949 1 10
1950 1 5
1951 1 10
1952 1 5
1953 1 4
1954 1 15
1955 1 15
1956 1 10
1957 1 10
1958 1 10
1959 1 4
1960 1 7
1961 1 10
1962 1 7
1963 1 4
1964 1 10
1965 1 7
1966 1 4
1967 1 4
1968 1 15
1969 1 4
1970 1 4
1971 1 7
1972 1 15
1973 1 4
1974 1 5
1975 1 10
1976 1 5
1977 1 15
1978 1 7
1979 1 15
1980 1 15
1981 1 15
1982 1 5
1983 1 4
1984 1 7
1985 1 5
1986 1 5
1987 1 15
1988 1 15
1989 1 5
1990 1 4
1991 1 7
1992 1 7
1993 1 15
1994 1 7
1995 1 10
1996 1 5
1997 1 10
1998 1 5
1999 1 5
2000 1 15
2001 1 5
2002 1 4
2003 1 7
2004 1 4
2005 1 10
2006 1 4
2007 1 10
2008 1 15
2009 1 7
2010 1 4
2011 1 7
2012 1 7
2013 1 4
2014 1 15
2015 1 4
2016 1 7
2017 1 15
2018 1 15
2019 1 5
2020 1 15
2021 1 4
2022 1 4
2023 1 7
2024 1 10
2025 1 7
2026 1 7
2027 1 15
2028 1 10
2029 1 4
2030 1 4
2031 1 4
2032 1 10
2033 1 5
2034 1 5
2035 1 4
2036 1 4
2037 1 10
2038 1 15
2039 1 10
2040 1 10
2041 1 5
2042 1 5
2043 1 10
2044 1 5
2045 1 10
2046 1 10
2047 1 15
2048 1 5
2049 1 15
2050 1 10
2051 1 15
2052 1 15
2053 1 4
2054 1 5
2055 1 10
2056 1 7
2057 1 10
2058 1 4
2059 1 4
2060 1 15
2061 1 15
2062 1 5
2063 1 15
2064 1 7
2065 1 4
2066 1 4
2067 1 5
2068 1 5
2069 1 4
2070 1 4
2071 1 7
2072 1 5
2073 1 7
2074 1 10
2075 1 10
2076 1 15
2077 1 10
2078 1 7
2079 1 7
2080 1 5
2081 1 4
2082 1 5
2083 1 15
2084 1 4
2085 1 7
2086 1 15
2087 1 15
2088 1 15
2089 1 5
2090 1 7
2091 1 10
2092 1 5
2093 1 10
2094 1 4
2095 1 7
2096 1 15
2097 1 10
2098 1 10
2099 1 4
2100 1 7
2101 1 10
2102 1 10
2103 1 4
2104 1 5
2105 1 10
2106 1 4
2107 1 10
2108 1 4
2109 1 4
2110 1 5
2111 1 4
2112 1 15
2113 1 10
2114 1 15
2115 1 10
2116 1 10
2117 1 7
2118 1 7
2119 1 7
2120 1 4
2121 1 5
2122 1 15
2123 1 7
2124 1 15
2125 1 10
2126 1 15
2127 1 4
2128 1 7
2129 1 5
2130 1 15
2131 1 10
2132 1 5
2133 1 10
2134 1 10
2135 1 15
2136 1 4
2137 1 15
2138 1 10
2139 1 5
2140 1 7
2141 1 7
2142 1 7
2143 1 7
2144 1 4
2145 1 15
2146 1 15
2147 1 4
2148 1 5
2149 1 15
2150 1 15
2151 1 7
2152 1 10
2153 1 10
2154 1 10
2155 1 5
2156 1 4
2157 1 10
2158 1 5
2159 1 10
2160 1 4
2161 1 5
2162 1 10
2163 1 4
2164 1 7
2165 1 10
2166 1 5
2167 1 7
2168 1 7
2169 1 5
2170 1 4
2171 1 15
2172 1 5
2173 1 10
2174 1 15
2175 1 5
2176 1 4
2177 1 10
2178 1 4
2179 1 7
2180 1 10
2181 1 4
2182 1 5
2183 1 4
2184 1 15
2185 1 4
2186 1 10
2187 1 5
2188 1 4
2189 1 7
2190 1 5
2191 1 4
2192 1 7
2193 1 4
2194 1 4
2195 1 4
2196 1 10
2197 1 10
2198 1 15
2199 1 7
2200 1 5
2201 1 5
2202 1 10
2203 1 10
2204 1 10
2205 1 4
2206 1 10
2207 1 15
2208 1 10
2209 1 10
2210 1 15
2211 1 7
2212 1 7
2213 1 4
2214 1 5
2215 1 10
2216 1 10
2217 1 5
2218 1 5
2219 1 5
2220 1 7
2221 1 15
2222 1 5
2223 1 10
2224 1 7
2225 1 5
2226 1 7
2227 1 15
2228 1 15
2229 1 5
2230 1 5
2231 1 7
2232 1 5
2233 1 7
2234 1 10
2235 1 7
2236 1 15
2237 1 10
2238 1 15
2239 1 7
2240 1 10
2241 1 15
2242 1 7
2243 1 15
2244 1 4
2245 1 4
2246 1 5
2247 1 7
2248 1 4
2249 1 4
2250 1 4
2251 1 7
2252 1 4
2253 1 4
2254 1 5
2255 1 10
2256 1 10
2257 1 10
2258 1 4
2259 1 10
2260 1 5
2261 1 4
2262 1 15
2263 1 7
2264 1 7
2265 1 4
2266 1 10
2267 1 15
2268 1 7
2269 1 10
2270 1 7
2271 1 15
2272 1 15
2273 1 10
2274 1 5
2275 1 5
2276 1 10
2277 1 10
2278 1 7
2279 1 7
2280 1 15
2281 1 4
2282 1 15
2283 1 5
2284 1 5
2285 1 5
2286 1 10
2287 1 10
2288 1 5
2289 1 10
2290 1 5
2291 1 15
2292 1 4
2293 1 7
2294 1 7
2295 1 5
2296 1 7
2297 1 4
2298 1 15
2299 1 15
2300 1 15
2301 1 4
2302 1 10
2303 1 4
2304 1 7
2305 1 7
2306 1 10
2307 1 7
2308 1 10
2309 1 7
2310 1 5
2311 1 4
2312 1 7
2313 1 7
2314 1 4
2315 1 7
2316 1 10
2317 1 4
2318 1 15
2319 1 4
2320 1 10
2321 1 5
2322 1 7
2323 1 10
2324 1 10
2325 1 7
2326 1 4
2327 1 10
2328 1 7
2329 1 10
2330 1 4
2331 1 4
2332 1 10
2333 1 15
2334 1 5
2335 1 15
2336 1 15
2337 1 10
2338 1 7
2339 1 10
2340 1 15
2341 1 4
2342 1 7
2343 1 4
2344 1 5
2345 1 15
2346 1 5
2347 1 10
2348 1 4
2349 1 15
2350 1 10
2351 1 10
2352 1 7
2353 1 10
2354 1 4
2355 1 7
2356 1 5
2357 1 5
2358 1 15
2359 1 5
2360 1 10
2361 1 10
2362 1 5
2363 1 15
2364 1 5
2365 1 15
2366 1 4
2367 1 15
2368 1 7
2369 1 10
2370 1 10
2371 1 10
2372 1 15
2373 1 15
2374 1 5
2375 1 7
2376 1 4
2377 1 4
2378 1 4
2379 1 15
2380 1 10
2381 1 4
2382 1 10
2383 1 10
2384 1 5
2385 1 15
2386 1 7
2387 1 5
2388 1 7
2389 1 15
2390 1 15
2391 1 5
2392 1 7
2393 1 5
2394 1 10
2395 1 15
2396 1 10
2397 1 5
2398 1 15
2399 1 5
2400 1 10
2401 1 10
2402 1 5
2403 1 4
2404 1 10
2405 1 4
2406 1 5
2407 1 10
2408 1 15
2409 1 10
2410 1 10
2411 1 4
2412 1 7
2413 1 10
2414 1 7
2415 1 15
2416 1 5
2417 1 10
2418 1 7
2419 1 5
2420 1 7
2421 1 5
2422 1 7
2423 1 15
2424 1 7
2425 1 7
2426 1 4
2427 1 7
2428 1 15
2429 1 5
2430 1 10
2431 1 15
2432 1 5
2433 1 15
2434 1 15
2435 1 10
2436 1 10
2437 1 4
2438 1 15
2439 1 4
2440 1 7
2441 1 4
2442 1 7
2443 1 4
2444 1 7
2445 1 7
2446 1 4
2447 1 4
2448 1 15
2449 1 10
2450 1 15
2451 1 15
2452 1 15
2453 1 10
2454 1 5
2455 1 4
2456 1 7
2457 1 10
2458 1 7
2459 1 15
2460 1 4
2461 1 15
2462 1 10
2463 1 7
2464 1 4
2465 1 4
2466 1 10
2467 1 7
2468 1 7
2469 1 5
2470 1 15
2471 1 5
2472 1 7
2473 1 4
2474 1 10
2475 1 5
2476 1 5
2477 1 4
2478 1 15
2479 1 4
2480 1 7
2481 1 7
2482 1 15
2483 1 15
2484 1 4
2485 1 5
2486 1 7
2487 1 7
2488 1 4
2489 1 15
2490 1 4
2491 1 4
2492 1 15
2493 1 7
2494 1 5
2495 1 10
2496 1 4
2497 1 4
2498 1 10
2499 1 10
2500 1 10
2501 1 7
2502 1 10
2503 1 4
2504 1 4
2505 1 7
2506 1 10
2507 1 5
2508 1 10
2509 1 7
2510 1 4
2511 1 15
2512 1 7
2513 1 5
2514 1 5
2515 1 4
2516 1 4
2517 1 7
2518 1 10
2519 1 15
2520 1 10
2521 1 15
2522 1 10
2523 1 10
2524 1 4
2525 1 15
2526 1 15
2527 1 4
2528 1 4
2529 1 4
2530 1 7
2531 1 15
2532 1 5
2533 1 5
2534 1 4
2535 1 4
2536 1 4
2537 1 15
2538 1 15
2539 1 4
2540 1 7
2541 1 5
2542 1 7
2543 1 15
2544 1 5
2545 1 4
2546 1 7
2547 1 10
2548 1 10
2549 1 15
2550 1 7
2551 1 7
2552 1 5
2553 1 5
2554 1 10
2555 1 4
2556 1 10
2557 1 7
2558 1 10
2559 1 15
2560 1 5
2561 1 5
2562 1 10
2563 1 10
2564 1 10
2565 1 4
2566 1 15
2567 1 15
2568 1 15
2569 1 4
2570 1 4
2571 1 10
2572 1 10
2573 1 15
2574 1 4
2575 1 15
2576 1 10
2577 1 10
2578 1 4
2579 1 15
2580 1 10
2581 1 10
2582 1 7
2583 1 15
2584 1 5
2585 1 5
2586 1 10
2587 1 5
2588 1 5
2589 1 15
2590 1 4
2591 1 4
2592 1 4
2593 1 7
2594 1 5
2595 1 7
2596 1 5
2597 1 7
2598 1 5
2599 1 10
2600 1 15
2601 1 15
2602 1 4
2603 1 7
2604 1 4
2605 1 5
2606 1 15
2607 1 10
2608 1 7
2609 1 10
2610 1 15
2611 1 4
2612 1 4
2613 1 4
2614 1 5
2615 1 5
2616 1 7
2617 1 7
2618 1 7
2619 1 7
2620 1 4
2621 1 7
2622 1 5
2623 1 7
2624 1 15
2625 1 10
2626 1 10
2627 1 15
2628 1 10
2629 1 5
2630 1 7
2631 1 4
2632 1 4
2633 1 4
2634 1 5
2635 1 15
2636 1 15
2637 1 7
2638 1 10
2639 1 15
2640 1 7
2641 1 7
2642 1 4
2643 1 4
2644 1 7
2645 1 7
2646 1 15
2647 1 10
2648 1 10
2649 1 7
2650 1 10
2651 1 10
2652 1 7
2653 1 4
2654 1 10
2655 1 5
2656 1 15
2657 1 7
2658 1 5
2659 1 10
2660 1 10
2661 1 7
2662 1 5
2663 1 4
2664 1 4
2665 1 7
2666 1 7
2667 1 10
2668 1 10
2669 1 15
2670 1 5
2671 1 4
2672 1 4
2673 1 4
2674 1 7
2675 1 7
2676 1 10
2677 1 5
2678 1 7
2679 1 10
2680 1 4
2681 1 4
2682 1 10
2683 1 7
2684 1 7
2685 1 4
2686 1 4
2687 1 5
2688 1 15
2689 1 10
2690 1 10
2691 1 15
2692 1 5
2693 1 15
2694 1 5
2695 1 15
2696 1 7
2697 1 5
2698 1 7
2699 1 4
2700 1 7
2701 1 15
2702 1 7
2703 1 4
2704 1 15
2705 1 10
2706 1 10
2707 1 5
2708 1 7
2709 1 5
2710 1 5
2711 1 4
2712 1 5
2713 1 4
2714 1 5
2715 1 4
2716 1 15
2717 1 7
2718 1 5
2719 1 15
2720 1 7
2721 1 4
2722 1 15
2723 1 5
2724 1 7
2725 1 5
2726 1 7
2727 1 5
2728 1 15
2729 1 4
2730 1 5
2731 1 4
2732 1 7
2733 1 5
2734 1 4
2735 1 15
2736 1 15
2737 1 7
2738 1 4
2739 1 15
2740 1 7
2741 1 5
2742 1 10
2743 1 5
2744 1 10
2745 1 15
2746 1 7
2747 1 7
2748 1 4
2749 1 4
2750 1 4
2751 1 10
2752 1 7
2753 1 10
2754 1 10
2755 1 4
2756 1 4
2757 1 10
2758 1 10
2759 1 15
2760 1 5
2761 1 15
2762 1 7
2763 1 7
2764 1 10
2765 1 10
2766 1 15
2767 1 5
2768 1 7
2769 1 5
2770 1 5
2771 1 4
2772 1 4
2773 1 5
2774 1 4
2775 1 10
2776 1 5
2777 1 10
2778 1 5
2779 1 15
2780 1 5
2781 1 10
2782 1 5
2783 1 7
2784 1 5
2785 1 15
2786 1 4
2787 1 4
2788 1 4
2789 1 15
2790 1 10
2791 1 15
2792 1 15
2793 1 10
2794 1 7
2795 1 4
2796 1 15
2797 1 5
2798 1 5
2799 1 5
2800 1 5
2801 1 4
2802 1 10
2803 1 10
2804 1 5
2805 1 10
2806 1 5
2807 1 7
2808 1 5
2809 1 4
2810 1 10
2811 1 5
2812 1 7
2813 1 7
2814 1 4
2815 1 5
2816 1 10
2817 1 5
2818 1 10
2819 1 15
2820 1 10
2821 1 10
2822 1 10
2823 1 7
2824 1 7
2825 1 7
2826 1 7
2827 1 10
2828 1 7
2829 1 4
2830 1 7
2831 1 15
2832 1 10
2833 1 4
2834 1 5
2835 1 4
2836 1 4
2837 1 10
2838 1 10
2839 1 10
2840 1 7
2841 1 15
2842 1 4
2843 1 7
2844 1 7
2845 1 7
2846 1 7
2847 1 15
2848 1 4
2849 1 5
2850 1 15
2851 1 10
2852 1 7
2853 1 15
2854 1 15
2855 1 5
2856 1 5
2857 1 10
2858 1 4
2859 1 5
2860 1 10
2861 1 10
2862 1 7
2863 1 10
2864 1 15
2865 1 7
2866 1 15
2867 1 10
2868 1 10
2869 1 4
2870 1 5
2871 1 15
2872 1 10
2873 1 10
2874 1 10
2875 1 4
2876 1 15
2877 1 5
2878 1 7
2879 1 7
2880 1 4
2881 1 10
2882 1 7
2883 1 10
2884 1 7
2885 1 4
2886 1 15
2887 1 5
2888 1 10
2889 1 5
2890 1 10
2891 1 7
2892 1 5
2893 1 10
2894 1 15
2895 1 15
2896 1 4
2897 1 4
2898 1 15
2899 1 5
2900 1 7
2901 1 5
2902 1 5
2903 1 4
2904 1 7
2905 1 7
2906 1 5
2907 1 15
2908 1 7
2909 1 15
2910 1 7
2911 1 5
2912 1 7
2913 1 5
2914 1 15
2915 1 10
2916 1 15
2917 1 10
2918 1 15
2919 1 4
2920 1 10
2921 1 15
2922 1 7
2923 1 5
2924 1 7
2925 1 10
2926 1 5
2927 1 4
2928 1 15
2929 1 10
2930 1 4
2931 1 15
2932 1 7
2933 1 15
2934 1 15
2935 1 5
2936 1 10
2937 1 15
2938 1 10
2939 1 4
2940 1 4
2941 1 10
2942 1 7
2943 1 10
2944 1 7
2945 1 7
2946 1 7
2947 1 7
2948 1 4
2949 1 7
2950 1 5
2951 1 10
2952 1 10
2953 1 5
2954 1 10
2955 1 7
2956 1 15
2957 1 15
2958 1 4
2959 1 5
2960 1 4
2961 1 5
2962 1 15
2963 1 7
2964 1 15
2965 1 10
2966 1 15
2967 1 4
2968 1 15
2969 1 4
2970 1 7
2971 1 10
2972 1 5
2973 1 7
2974 1 5
2975 1 10
2976 1 4
2977 1 4
2978 1 5
2979 1 4
2980 1 10
2981 1 7
2982 1 10
2983 1 7
2984 1 7
2985 1 7
2986 1 15
2987 1 15
2988 1 7
2989 1 15
2990 1 7
2991 1 10
2992 1 4
2993 1 15
2994 1 5
2995 1 4
2996 1 7
2997 1 7
2998 1 15
2999 1 15
3000 1 10
3001 1 5
3002 1 7
3003 1 5
3004 1 15
3005 1 4
3006 1 7
3007 1 7
3008 1 7
3009 1 7
3010 1 4
3011 1 15
3012 1 15
3013 1 10
3014 1 10
3015 1 5
3016 1 15
3017 1 4
3018 1 5
3019 1 5
3020 1 4
3021 1 10
3022 1 4
3023 1 7
3024 1 7
3025 1 7
3026 1 7
3027 1 5
3028 1 7
3029 1 15
3030 1 15
3031 1 5
3032 1 7
3033 1 5
3034 1 4
3035 1 4
3036 1 10
3037 1 7
3038 1 7
3039 1 7
3040 1 10
3041 1 4
3042 1 7
3043 1 7
3044 1 15
3045 1 5
3046 1 7
3047 1 10
3048 1 10
3049 1 5
3050 1 7
3051 1 5
3052 1 7
3053 1 5
3054 1 5
3055 1 15
3056 1 15
3057 1 10
3058 1 5
3059 1 10
3060 1 4
3061 1 15
3062 1 5
3063 1 10
3064 1 5
3065 1 5
3066 1 4
3067 1 5
3068 1 10
3069 1 5
3070 1 7
3071 1 7
3072 1 15
3073 1 4
3074 1 5
3075 1 5
3076 1 15
3077 1 15
3078 1 4
3079 1 10
3080 1 5
3081 1 10
3082 1 15
3083 1 4
3084 1 15
3085 1 4
3086 1 5
3087 1 5
3088 1 4
3089 1 4
3090 1 4
3091 1 15
3092 1 7
3093 1 7
3094 1 5
3095 1 15
3096 1 5
3097 1 15
3098 1 15
3099 1 10
3100 1 15
3101 1 4
3102 1 10
3103 1 15
3104 1 15
3105 1 4
3106 1 7
3107 1 15
3108 1 5
3109 1 10
3110 1 4
3111 1 5
3112 1 15
3113 1 5
3114 1 10
3115 1 4
3116 1 5
3117 1 4
3118 1 4
3119 1 4
3120 1 4
3121 1 4
3122 1 7
3123 1 7
3124 1 7
3125 1 15
3126 1 4
3127 1 15
3128 1 15
3129 1 5
3130 1 5
3131 1 4
3132 1 4
3133 1 7
3134 1 15
3135 1 7
3136 1 5
3137 1 10
3138 1 7
3139 1 4
3140 1 4
3141 1 4
3142 1 7
3143 1 15
3144 1 4
3145 1 7
3146 1 5
3147 1 7
3148 1 4
3149 1 5
3150 1 4
3151 1 10
3152 1 15
3153 1 15
3154 1 15
3155 1 5
3156 1 15
3157 1 5
3158 1 5
3159 1 10
3160 1 15
3161 1 10
3162 1 10
3163 1 10
3164 1 4
3165 1 4
3166 1 4
3167 1 15
3168 1 5
3169 1 7
3170 1 5
3171 1 15
3172 1 7
3173 1 15
3174 1 7
3175 1 15
3176 1 7
3177 1 5
3178 1 7
3179 1 10
3180 1 15
3181 1 4
3182 1 15
3183 1 4
3184 1 5
3185 1 10
3186 1 5
3187 1 10
3188 1 5
3189 1 10
3190 1 4
3191 1 15
3192 1 10
3193 1 10
3194 1 4
3195 1 15
3196 1 10
3197 1 7
3198 1 7
3199 1 5
3200 1 10
3201 1 10
3202 1 5
3203 1 5
3204 1 7
3205 1 7
3206 1 7
3207 1 15
3208 1 4
3209 1 5
3210 1 10
3211 1 10
3212 1 7
3213 1 7
3214 1 4
3215 1 5
3216 1 4
3217 1 4
3218 1 5
3219 1 15
3220 1 15
3221 1 5
3222 1 15
3223 1 15
3224 1 5
3225 1 15
3226 1 10
3227 1 4
3228 1 4
3229 1 10
3230 1 10
3231 1 4
3232 1 15
3233 1 4
3234 1 7
3235 1 10
3236 1 5
3237 1 5
3238 1 15
3239 1 15
3240 1 15
3241 1 10
3242 1 5
3243 1 5
3244 1 15
3245 1 4
3246 1 4
3247 1 7
3248 1 7
3249 1 7
3250 1 10
3251 1 5
3252 1 15
3253 1 10
3254 1 10
3255 1 5
3256 1 10
3257 1 15
3258 1 4
3259 1 4
3260 1 4
3261 1 15
3262 1 7
3263 1 10
3264 1 4
3265 1 4
3266 1 7
3267 1 7
3268 1 4
3269 1 10
3270 1 15
3271 1 5
3272 1 7
3273 1 4
3274 1 7
3275 1 5
3276 1 4
3277 1 4
3278 1 10
3279 1 10
3280 1 10
3281 1 7
3282 1 15
3283 1 4
3284 1 15
3285 1 10
3286 1 4
3287 1 7
3288 1 15
3289 1 10
3290 1 7
3291 1 5
3292 1 7
3293 1 15
3294 1 10
3295 1 7
3296 1 15
3297 1 5
3298 1 15
3299 1 7
3300 1 10
3301 1 15
3302 1 5
3303 1 7
3304 1 7
3305 1 15
3306 1 10
3307 1 10
3308 1 4
3309 1 5
3310 1 4
3311 1 5
3312 1 7
3313 1 15
3314 1 4
3315 1 7
3316 1 7
3317 1 15
3318 1 15
3319 1 15
3320 1 5
3321 1 4
3322 1 15
3323 1 10
3324 1 4
3325 1 4
3326 1 15
3327 1 7
3328 1 10
3329 1 7
3330 1 7
3331 1 5
3332 1 4
3333 1 10
3334 1 15
3335 1 5
3336 1 10
3337 1 10
3338 1 15
3339 1 7
3340 1 10
3341 1 10
3342 1 7
3343 1 10
3344 1 4
3345 1 5
3346 1 10
3347 1 4
3348 1 10
3349 1 15
3350 1 5
3351 1 7
3352 1 15
3353 1 4
3354 1 15
3355 1 4
3356 1 7
3357 1 7
3358 1 15
3359 1 4
3360 1 5
3361 1 5
3362 1 10
3363 1 15
3364 1 5
3365 1 5
3366 1 5
3367 1 4
3368 1 7
3369 1 7
3370 1 15
3371 1 15
3372 1 15
3373 1 7
3374 1 4
3375 1 7
3376 1 7
3377 1 7
3378 1 5
3379 1 7
3380 1 7
3381 1 10
3382 1 7
3383 1 7
3384 1 7
3385 1 15
3386 1 15
3387 1 15
3388 1 5
3389 1 15
3390 1 5
3391 1 15
3392 1 4
3393 1 4
3394 1 15
3395 1 7
3396 1 5
3397 1 7
3398 1 15
3399 1 5
3400 1 7
3401 1 5
3402 1 7
3403 1 4
3404 1 7
3405 1 15
3406 1 10
3407 1 4
3408 1 7
3409 1 15
3410 1 5
3411 1 7
3412 1 10
3413 1 15
3414 1 15
3415 1 7
3416 1 15
3417 1 7
3418 1 10
3419 1 4
3420 1 7
3421 1 4
3422 1 4
3423 1 5
3424 1 5
3425 1 5
3426 1 10
3427 1 10
3428 1 15
3429 1 4
3430 1 7
3431 1 10
3432 1 5
3433 1 10
3434 1 15
3435 1 15
3436 1 5
3437 1 4
3438 1 7
3439 1 7
3440 1 15
3441 1 10
3442 1 15
3443 1 7
3444 1 15
3445 1 7
3446 1 5
3447 1 10
3448 1 15
3449 1 10
3450 1 15
3451 1 7
3452 1 15
3453 1 10
3454 1 5
3455 1 5
3456 1 7
3457 1 5
3458 1 7
3459 1 4
3460 1 15
3461 1 4
3462 1 7
3463 1 4
3464 1 4
3465 1 15
3466 1 5
3467 1 4
3468 1 5
3469 1 4
3470 1 4
3471 1 4
3472 1 15
3473 1 5
3474 1 4
3475 1 4
3476 1 7
3477 1 15
3478 1 7
3479 1 7
3480 1 15
3481 1 5
3482 1 15
3483 1 10
3484 1 15
3485 1 10
3486 1 7
3487 1 10
3488 1 15
3489 1 7
3490 1 5
3491 1 7
3492 1 4
3493 1 7
3494 1 7
3495 1 15
3496 1 4
3497 1 15
3498 1 5
3499 1 10
3500 1 15
3501 1 5
3502 1 5
3503 1 5
3504 1 4
3505 1 10
3506 1 15
3507 1 5
3508 1 15
3509 1 15
3510 1 7
3511 1 10
3512 1 5
3513 1 7
3514 1 15
3515 1 4
3516 1 4
3517 1 5
3518 1 7
3519 1 5
3520 1 10
3521 1 5
3522 1 7
3523 1 7
3524 1 15
3525 1 15
3526 1 7
3527 1 10
3528 1 10
3529 1 4
3530 1 15
3531 1 7
3532 1 7
3533 1 10
3534 1 5
3535 1 4
3536 1 15
3537 1 10
3538 1 7
3539 1 5
3540 1 5
3541 1 7
3542 1 4
3543 1 5
3544 1 5
3545 1 10
3546 1 15
3547 1 5
3548 1 7
3549 1 10
3550 1 7
3551 1 15
3552 1 10
3553 1 10
3554 1 5
3555 1 4
3556 1 15
3557 1 4
3558 1 7
3559 1 5
3560 1 15
3561 1 4
3562 1 5
3563 1 4
3564 1 4
3565 1 10
3566 1 7
3567 1 7
3568 1 5
3569 1 4
3570 1 7
3571 1 10
3572 1 10
3573 1 10
3574 1 4
3575 1 4
3576 1 10
3577 1 10
3578 1 7
3579 1 7
3580 1 7
3581 1 10
3582 1 5
3583 1 7
3584 1 15
3585 1 10
3586 1 5
3587 1 10
3588 1 5
3589 1 5
3590 1 7
3591 1 7
3592 1 4
3593 1 10
3594 1 5
3595 1 7
3596 1 10
3597 1 5
3598 1 5
3599 1 4
3600 1 10
3601 1 7
3602 1 7
3603 1 5
3604 1 4
3605 1 10
3606 1 10
3607 1 7
3608 1 7
3609 1 7
3610 1 10
3611 1 4
3612 1 15
3613 1 10
3614 1 10
3615 1 5
3616 1 4
3617 1 10
3618 1 5
3619 1 15
3620 1 15
3621 1 4
3622 1 15
3623 1 4
3624 1 7
3625 1 7
3626 1 10
3627 1 10
3628 1 4
3629 1 10
3630 1 5
3631 1 10
3632 1 5
3633 1 7
3634 1 15
3635 1 5
3636 1 15
3637 1 15
3638 1 15
3639 1 4
3640 1 15
3641 1 10
3642 1 7
3643 1 15
3644 1 4
3645 1 5
3646 1 4
3647 1 10
3648 1 15
3649 1 5
3650 1 4
3651 1 7
3652 1 5
3653 1 10
3654 1 5
3655 1 10
3656 1 5
3657 1 4
3658 1 7
3659 1 15
3660 1 10
3661 1 5
3662 1 10
3663 1 15
3664 1 5
3665 1 10
3666 1 4
3667 1 7
3668 1 4
3669 1 4
3670 1 5
3671 1 15
3672 1 4
3673 1 5
3674 1 5
3675 1 4
3676 1 4
3677 1 10
3678 1 15
3679 1 5
3680 1 4
3681 1 4
3682 1 4
3683 1 10
3684 1 10
3685 1 5
3686 1 15
3687 1 10
3688 1 5
3689 1 7
3690 1 5
3691 1 5
3692 1 15
3693 1 7
3694 1 7
3695 1 10
3696 1 4
3697 1 10
3698 1 4
3699 1 4
3700 1 4
3701 1 4
3702 1 4
3703 1 15
3704 1 15
3705 1 7
3706 1 10
3707 1 15
3708 1 5
3709 1 10
3710 1 10
3711 1 15
3712 1 15
3713 1 4
3714 1 7
3715 1 5
3716 1 4
3717 1 5
3718 1 10
3719 1 4
3720 1 10
3721 1 5
3722 1 7
3723 1 15
3724 1 5
3725 1 15
3726 1 4
3727 1 15
3728 1 10
3729 1 5
3730 1 7
3731 1 5
3732 1 15
3733 1 15
3734 1 10
3735 1 15
3736 1 10
3737 1 4
3738 1 10
3739 1 10
3740 1 10
3741 1 10
3742 1 5
3743 1 10
3744 1 4
3745 1 10
3746 1 7
3747 1 15
3748 1 7
3749 1 4
3750 1 4
3751 1 7
3752 1 7
3753 1 4
3754 1 7
3755 1 7
3756 1 5
3757 1 15
3758 1 15
3759 1 15
3760 1 15
3761 1 10
3762 1 10
3763 1 7
3764 1 7
3765 1 10
3766 1 5
3767 1 5
3768 1 5
3769 1 5
3770 1 5
3771 1 5
3772 1 7
3773 1 10
3774 1 5
3775 1 5
3776 1 7
3777 1 4
3778 1 4
3779 1 5
3780 1 4
3781 1 15
3782 1 5
3783 1 15
3784 1 15
3785 1 10
3786 1 10
3787 1 10
3788 1 5
3789 1 4
3790 1 5
3791 1 5
3792 1 5
3793 1 7
3794 1 5
3795 1 15
3796 1 10
3797 1 4
3798 1 4
3799 1 15
3800 1 7
3801 1 15
3802 1 7
3803 1 10
3804 1 5
3805 1 10
3806 1 7
3807 1 5
3808 1 7
3809 1 4
3810 1 10
3811 1 7
3812 1 5
3813 1 10
3814 1 5
3815 1 4
3816 1 15
3817 1 7
3818 1 15
3819 1 5
3820 1 10
3821 1 7
3822 1 4
3823 1 15
3824 1 10
3825 1 10
3826 1 5
3827 1 15
3828 1 10
3829 1 15
3830 1 5
3831 1 5
3832 1 15
3833 1 5
3834 1 7
3835 1 15
3836 1 4
3837 1 5
3838 1 7
3839 1 15
3840 1 7
3841 1 5
3842 1 10
3843 1 4
3844 1 7
3845 1 10
3846 1 5
3847 1 10
3848 1 7
3849 1 7
3850 1 15
3851 1 10
3852 1 15
3853 1 10
3854 1 10
3855 1 5
3856 1 7
3857 1 7
3858 1 7
3859 1 10
3860 1 15
3861 1 5
3862 1 10
3863 1 4
3864 1 15
3865 1 15
3866 1 7
3867 1 10
3868 1 15
3869 1 15
3870 1 7
3871 1 10
3872 1 15
3873 1 5
3874 1 10
3875 1 10
3876 1 10
3877 1 10
3878 1 10
3879 1 5
3880 1 15
3881 1 15
3882 1 5
3883 1 10
3884 1 15
3885 1 10
3886 1 15
3887 1 5
3888 1 10
3889 1 5
3890 1 7
3891 1 10
3892 1 4
3893 1 7
3894 1 10
3895 1 15
3896 1 15
3897 1 15
3898 1 4
3899 1 5
3900 1 7
3901 1 15
3902 1 15
3903 1 10
3904 1 15
3905 1 15
3906 1 15
3907 1 7
3908 1 7
3909 1 15
3910 1 10
3911 1 5
3912 1 15
3913 1 10
3914 1 10
3915 1 4
3916 1 15
3917 1 15
3918 1 15
3919 1 5
3920 1 7
3921 1 5
3922 1 15
3923 1 5
3924 1 15
3925 1 5
3926 1 10
3927 1 4
3928 1 5
3929 1 5
3930 1 4
3931 1 5
3932 1 7
3933 1 7
3934 1 15
3935 1 10
3936 1 10
3937 1 10
3938 1 10
3939 1 15
3940 1 15
3941 1 15
3942 1 5
3943 1 5
3944 1 4
3945 1 10
3946 1 4
3947 1 10
3948 1 5
3949 1 15
3950 1 15
3951 1 15
3952 1 7
3953 1 5
3954 1 5
3955 1 15
3956 1 10
3957 1 5
3958 1 7
3959 1 15
3960 1 5
3961 1 15
3962 1 4
3963 1 10
3964 1 7
3965 1 7
3966 1 15
3967 1 4
3968 1 10
3969 1 10
3970 1 7
3971 1 15
3972 1 7
3973 1 15
3974 1 15
3975 1 7
3976 1 15
3977 1 15
3978 1 15
3979 1 7
3980 1 7
3981 1 7
3982 1 15
3983 1 15
3984 1 4
3985 1 10
3986 1 4
3987 1 7
3988 1 7
3989 1 4
3990 1 4
3991 1 10
3992 1 10
3993 1 15
3994 1 10
3995 1 10
3996 1 4
3997 1 15
3998 1 10
3999 1 4
4000 1 7
4001 1 10
4002 1 15
4003 1 5
4004 1 5
4005 1 4
4006 1 5
4007 1 7
4008 1 10
4009 1 15
4010 1 10
4011 1 10
4012 1 7
4013 1 4
4014 1 7
4015 1 7
4016 1 10
4017 1 4
4018 1 7
4019 1 4
4020 1 10
4021 1 4
4022 1 15
4023 1 7
4024 1 10
4025 1 15
4026 1 5
4027 1 5
4028 1 15
4029 1 5
4030 1 10
4031 1 15
4032 1 4
4033 1 15
4034 1 4
4035 1 10
4036 1 15
4037 1 4
4038 1 15
4039 1 10
4040 1 5
4041 1 4
4042 1 5
4043 1 4
4044 1 4
4045 1 10
4046 1 4
4047 1 10
4048 1 7
4049 1 10
4050 1 4
4051 1 7
4052 1 5
4053 1 7
4054 1 7
4055 1 15
4056 1 15
4057 1 4
4058 1 10
4059 1 5
4060 1 4
4061 1 5
4062 1 7
4063 1 4
4064 1 5
4065 1 7
4066 1 15
4067 1 10
4068 1 15
4069 1 10
4070 1 5
4071 1 4
4072 1 5
4073 1 5
4074 1 7
4075 1 5
4076 1 5
4077 1 10
4078 1 7
4079 1 10
4080 1 7
4081 1 5
4082 1 4
4083 1 5
4084 1 10
4085 1 7
4086 1 7
4087 1 4
4088 1 10
4089 1 7
4090 1 10
4091 1 5
4092 1 5
4093 1 10
4094 1 15
4095 1 15
4096 1 10
4097 1 15
4098 1 10
4099 1 10
4100 1 4
4101 1 4
4102 1 15
4103 1 15
4104 1 5
4105 1 7
4106 1 7
4107 1 10
4108 1 10
4109 1 10
4110 1 15
4111 1 4
4112 1 5
4113 1 15
4114 1 4
4115 1 15
4116 1 15
4117 1 4
4118 1 5
4119 1 5
4120 1 7
4121 1 7
4122 1 4
4123 1 10
4124 1 5
4125 1 5
4126 1 4
4127 1 7
4128 1 4
4129 1 4
4130 1 5
4131 1 10
4132 1 7
4133 1 4
4134 1 4
4135 1 5
4136 1 5
4137 1 15
4138 1 7
4139 1 10
4140 1 7
4141 1 4
4142 1 5
4143 1 15
4144 1 5
4145 1 7
4146 1 5
4147 1 10
4148 1 5
4149 1 7
4150 1 10
4151 1 4
4152 1 5
4153 1 10
4154 1 5
4155 1 10
4156 1 10
4157 1 15
4158 1 5
4159 1 4
4160 1 4
4161 1 15
4162 1 7
4163 1 5
4164 1 7
4165 1 4
4166 1 15
4167 1 4
4168 1 4
4169 1 4
4170 1 5
4171 1 10
4172 1 7
4173 1 4
4174 1 7
4175 1 5
4176 1 5
4177 1 5
4178 1 15
4179 1 5
4180 1 15
4181 1 5
4182 1 7
4183 1 7
4184 1 7
4185 1 5
4186 1 10
4187 1 7
4188 1 10
4189 1 10
4190 1 4
4191 1 10
4192 1 5
4193 1 5
4194 1 15
4195 1 5
4196 1 7
4197 1 10
4198 1 15
4199 1 15
4200 1 4
4201 1 7
4202 1 15
4203 1 15
4204 1 4
4205 1 7
4206 1 5
4207 1 4
4208 1 10
4209 1 7
4210 1 15
4211 1 15
4212 1 4
4213 1 4
4214 1 5
4215 1 7
4216 1 7
4217 1 7
4218 1 10
4219 1 15
4220 1 7
4221 1 15
4222 1 10
4223 1 10
4224 1 15
4225 1 4
4226 1 15
4227 1 10
4228 1 7
4229 1 4
4230 1 7
4231 1 5
4232 1 15
4233 1 4
4234 1 4
4235 1 10
4236 1 5
4237 1 15
4238 1 15
4239 1 7
4240 1 5
4241 1 10
4242 1 15
4243 1 15
4244 1 15
4245 1 10
4246 1 15
4247 1 10
4248 1 10
4249 1 10
4250 1 15
4251 1 4
4252 1 15
4253 1 7
4254 1 15
4255 1 15
4256 1 15
4257 1 5
4258 1 10
4259 1 7
4260 1 10
4261 1 7
4262 1 7
4263 1 10
4264 1 10
4265 1 7
4266 1 4
4267 1 5
4268 1 5
4269 1 5
4270 1 4
4271 1 5
4272 1 15
4273 1 10
4274 1 4
4275 1 10
4276 1 10
4277 1 5
4278 1 5
4279 1 7
4280 1 10
4281 1 5
4282 1 5
4283 1 15
4284 1 4
4285 1 10
4286 1 10
4287 1 15
4288 1 4
4289 1 10
4290 1 4
4291 1 5
4292 1 10
4293 1 5
4294 1 5
4295 1 15
4296 1 15
4297 1 15
4298 1 15
4299 1 7
4300 1 4
4301 1 10
4302 1 5
4303 1 15
4304 1 4
4305 1 4
4306 1 15
4307 1 7
4308 1 10
4309 1 4
4310 1 7
4311 1 10
4312 1 4
4313 1 5
4314 1 7
4315 1 15
4316 1 7
4317 1 4
4318 1 4
4319 1 15
4320 1 10
4321 1 4
4322 1 4
4323 1 4
4324 1 5
4325 1 5
4326 1 4
4327 1 10
4328 1 10
4329 1 10
4330 1 4
4331 1 7
4332 1 7
4333 1 4
4334 1 7
4335 1 10
4336 1 7
4337 1 7
4338 1 15
4339 1 4
4340 1 4
4341 1 5
4342 1 4
4343 1 10
4344 1 4
4345 1 5
4346 1 4
4347 1 4
4348 1 15
4349 1 7
4350 1 5
4351 1 4
4352 1 7
4353 1 7
4354 1 10
4355 1 15
4356 1 7
4357 1 7
4358 1 7
4359 1 4
4360 1 10
4361 1 5
4362 1 7
4363 1 10
4364 1 10
4365 1 10
4366 1 5
4367 1 15
4368 1 10
4369 1 10
4370 1 15
4371 1 15
4372 1 10
4373 1 5
4374 1 10
4375 1 4
4376 1 7
4377 1 7
4378 1 7
4379 1 10
4380 1 7
4381 1 7
4382 1 10
4383 1 15
4384 1 15
4385 1 4
4386 1 10
4387 1 10
4388 1 5
4389 1 7
4390 1 15
4391 1 10
4392 1 10
4393 1 7
4394 1 15
4395 1 4
4396 1 7
4397 1 15
4398 1 15
4399 1 4
4400 1 10
4401 1 15
4402 1 5
4403 1 5
4404 1 7
4405 1 15
4406 1 7
4407 1 7
4408 1 5
4409 1 4
4410 1 5
4411 1 7
4412 1 15
4413 1 4
4414 1 10
4415 1 7
4416 1 4
4417 1 5
4418 1 7
4419 1 7
4420 1 4
4421 1 15
4422 1 4
4423 1 10
4424 1 5
4425 1 5
4426 1 10
4427 1 7
4428 1 15
4429 1 7
4430 1 7
4431 1 4
4432 1 10
4433 1 4
4434 1 10
4435 1 5
4436 1 10
4437 1 5
4438 1 15
4439 1 15
4440 1 15
4441 1 15
4442 1 15
4443 1 7
4444 1 7
4445 1 15
4446 1 7
4447 1 5
4448 1 7
4449 1 10
4450 1 10
4451 1 4
4452 1 15
4453 1 10
4454 1 4
4455 1 5
4456 1 4
4457 1 10
4458 1 5
4459 1 5
4460 1 15
4461 1 5
4462 1 15
4463 1 7
4464 1 5
4465 1 15
4466 1 7
4467 1 7
4468 1 4
4469 1 10
4470 1 10
4471 1 10
4472 1 15
4473 1 4
4474 1 7
4475 1 7
4476 1 4
4477 1 7
4478 1 10
4479 1 4
4480 1 10
4481 1 7
4482 1 15
4483 1 7
4484 1 10
4485 1 4
4486 1 4
4487 1 10
4488 1 5
4489 1 7
4490 1 7
4491 1 7
4492 1 4
4493 1 15
4494 1 15
4495 1 15
4496 1 5
4497 1 5
4498 1 15
4499 1 7
4500 1 4
4501 1 15
4502 1 4
4503 1 15
4504 1 7
4505 1 5
4506 1 4
4507 1 15
4508 1 15
4509 1 15
4510 1 7
4511 1 15
4512 1 4
4513 1 5
4514 1 10
4515 1 10
4516 1 15
4517 1 10
4518 1 7
4519 1 5
4520 1 5
4521 1 7
4522 1 10
4523 1 4
4524 1 5
4525 1 4
4526 1 15
4527 1 4
4528 1 7
4529 1 4
4530 1 10
4531 1 15
4532 1 15
4533 1 4
4534 1 7
4535 1 10
4536 1 4
4537 1 7
4538 1 5
4539 1 15
4540 1 15
4541 1 7
4542 1 4
4543 1 15
4544 1 5
4545 1 4
4546 1 15
4547 1 7
4548 1 7
4549 1 4
4550 1 5
4551 1 15
4552 1 4
4553 1 7
4554 1 7
4555 1 7
4556 1 7
4557 1 7
4558 1 10
4559 1 4
4560 1 10
4561 1 10
4562 1 10
4563 1 5
4564 1 15
4565 1 7
4566 1 4
4567 1 5
4568 1 15
4569 1 4
4570 1 7
4571 1 4
4572 1 10
4573 1 5
4574 1 5
4575 1 15
4576 1 15
4577 1 15
4578 1 4
4579 1 15
4580 1 10
4581 1 7
4582 1 10
4583 1 10
4584 1 7
4585 1 4
4586 1 5
4587 1 4
4588 1 4
4589 1 5
4590 1 7
4591 1 15
4592 1 7
4593 1 4
4594 1 7
4595 1 10
4596 1 15
4597 1 10
4598 1 10
4599 1 7
4600 1 5
4601 1 7
4602 1 10
4603 1 10
4604 1 10
4605 1 7
4606 1 5
4607 1 7
4608 1 7
4609 1 10
4610 1 4
4611 1 10
4612 1 15
4613 1 4
4614 1 7
4615 1 10
4616 1 10
4617 1 7
4618 1 15
4619 1 4
4620 1 7
4621 1 7
4622 1 7
4623 1 7
4624 1 10
4625 1 7
4626 1 7
4627 1 4
4628 1 10
4629 1 15
4630 1 15
4631 1 15
4632 1 15
4633 1 4
4634 1 7
4635 1 5
4636 1 10
4637 1 7
4638 1 15
4639 1 4
4640 1 15
4641 1 15
4642 1 4
4643 1 4
4644 1 15
4645 1 5
4646 1 4
4647 1 15
4648 1 4
4649 1 10
4650 1 7
4651 1 15
4652 1 10
4653 1 15
4654 1 7
4655 1 15
4656 1 4
4657 1 4
4658 1 5
4659 1 5
4660 1 7
4661 1 4
4662 1 10
4663 1 10
4664 1 7
4665 1 7
4666 1 15
4667 1 5
4668 1 5
4669 1 5
4670 1 4
4671 1 15
4672 1 4
4673 1 7
4674 1 4
4675 1 15
4676 1 5
4677 1 7
4678 1 7
4679 1 15
4680 1 5
4681 1 4
4682 1 4
4683 1 10
4684 1 7
4685 1 4
4686 1 4
4687 1 4
4688 1 5
4689 1 4
4690 1 7
4691 1 5
4692 1 7
4693 1 5
4694 1 5
4695 1 15
4696 1 15
4697 1 7
4698 1 4
4699 1 4
4700 1 7
4701 1 5
4702 1 7
4703 1 4
4704 1 5
4705 1 5
4706 1 7
4707 1 5
4708 1 10
4709 1 5
4710 1 10
4711 1 10
4712 1 4
4713 1 10
4714 1 7
4715 1 5
4716 1 15
4717 1 7
4718 1 15
4719 1 4
4720 1 5
4721 1 15
4722 1 4
4723 1 10
4724 1 4
4725 1 4
4726 1 7
4727 1 7
4728 1 5
4729 1 4
4730 1 5
4731 1 10
4732 1 10
4733 1 4
4734 1 5
4735 1 5
4736 1 15
4737 1 7
4738 1 10
4739 1 15
4740 1 7
4741 1 10
4742 1 4
4743 1 4
4744 1 15
4745 1 5
4746 1 15
4747 1 15
4748 1 15
4749 1 4
4750 1 10
4751 1 4
4752 1 10
4753 1 4
4754 1 7
4755 1 10
4756 1 4
4757 1 15
4758 1 4
4759 1 7
4760 1 10
4761 1 10
4762 1 4
4763 1 15
4764 1 5
4765 1 4
4766 1 10
4767 1 10
4768 1 10
4769 1 5
4770 1 5
4771 1 7
4772 1 4
4773 1 5
4774 1 7
4775 1 7
4776 1 4
4777 1 10
4778 1 10
4779 1 5
4780 1 10
4781 1 15
4782 1 15
4783 1 10
4784 1 4
4785 1 15
4786 1 5
4787 1 15
4788 1 15
4789 1 7
4790 1 4
4791 1 10
4792 1 10
4793 1 5
4794 1 10
4795 1 7
4796 1 10
4797 1 15
4798 1 4
4799 1 5
4800 1 15
4801 1 5
4802 1 15
4803 1 7
4804 1 10
4805 1 15
4806 1 15
4807 1 15
4808 1 15
4809 1 15
4810 1 15
4811 1 5
4812 1 5
4813 1 7
4814 1 4
4815 1 4
4816 1 15
4817 1 4
4818 1 7
4819 1 4
4820 1 10
4821 1 15
4822 1 4
4823 1 10
4824 1 7
4825 1 5
4826 1 15
4827 1 4
4828 1 4
4829 1 4
4830 1 15
4831 1 7
4832 1 7
4833 1 4
4834 1 15
4835 1 5
4836 1 5
4837 1 7
4838 1 10
4839 1 5
4840 1 7
4841 1 5
4842 1 5
4843 1 5
4844 1 15
4845 1 4
4846 1 4
4847 1 7
4848 1 4
4849 1 4
4850 1 4
4851 1 4
4852 1 5
4853 1 7
4854 1 4
4855 1 4
4856 1 7
4857 1 15
4858 1 15
4859 1 10
4860 1 15
4861 1 5
4862 1 15
4863 1 7
4864 1 4
4865 1 7
4866 1 10
4867 1 7
4868 1 4
4869 1 7
4870 1 10
4871 1 10
4872 1 5
4873 1 15
4874 1 4
4875 1 4
4876 1 10
4877 1 10
4878 1 15
4879 1 7
4880 1 4
4881 1 5
4882 1 7
4883 1 15
4884 1 15
4885 1 15
4886 1 5
4887 1 5
4888 1 5
4889 1 4
4890 1 15
4891 1 4
4892 1 15
4893 1 7
4894 1 7
4895 1 7
4896 1 5
4897 1 5
4898 1 7
4899 1 15
4900 1 4
4901 1 7
4902 1 15
4903 1 15
4904 1 15
4905 1 5
4906 1 5
4907 1 10
4908 1 10
4909 1 5
4910 1 7
4911 1 4
4912 1 5
4913 1 15
4914 1 4
4915 1 4
4916 1 7
4917 1 10
4918 1 7
4919 1 4
4920 1 15
4921 1 15
4922 1 5
4923 1 15
4924 1 5
4925 1 7
4926 1 7
4927 1 7
4928 1 5
4929 1 15
4930 1 5
4931 1 10
4932 1 10
4933 1 10
4934 1 4
4935 1 5
4936 1 10
4937 1 10
4938 1 7
4939 1 5
4940 1 10
4941 1 4
4942 1 15
4943 1 5
4944 1 7
4945 1 5
4946 1 4
4947 1 4
4948 1 4
4949 1 4
4950 1 5
4951 1 4
4952 1 5
4953 1 15
4954 1 5
4955 1 15
4956 1 4
4957 1 7
4958 1 7
4959 1 4
4960 1 10
4961 1 4
4962 1 7
4963 1 5
4964 1 4
4965 1 5
4966 1 10
4967 1 4
4968 1 5
4969 1 15
4970 1 4
4971 1 10
4972 1 5
4973 1 7
4974 1 4
4975 1 5
4976 1 5
4977 1 10
4978 1 4
4979 1 10
4980 1 7
4981 1 4
4982 1 10
4983 1 5
4984 1 5
4985 1 15
4986 1 5
4987 1 5
4988 1 5
4989 1 5
4990 1 15
4991 1 10
4992 1 5
4993 1 15
4994 1 4
4995 1 5
4996 1 10
4997 1 15
4998 1 10
4999 1 5
5000 1 7
5001 1 4
5002 1 7
5003 1 15
5004 1 4
5005 1 4
5006 1 15
5007 1 4
5008 1 15
5009 1 5
5010 1 15
5011 1 5
5012 1 7
5013 1 4
5014 1 4
5015 1 7
5016 1 7
5017 1 4
5018 1 5
5019 1 4
5020 1 5
5021 1 10
5022 1 10
5023 1 15
5024 1 7
5025 1 10
5026 1 10
5027 1 5
5028 1 5
5029 1 4
5030 1 7
5031 1 5
5032 1 15
5033 1 10
5034 1 5
5035 1 15
5036 1 4
5037 1 5
5038 1 7
5039 1 10
5040 1 7
5041 1 15
5042 1 4
5043 1 5
5044 1 10
5045 1 15
5046 1 5
5047 1 10
5048 1 4
5049 1 5
5050 1 4
5051 1 10
5052 1 15
5053 1 7
5054 1 7
5055 1 7
5056 1 7
5057 1 5
5058 1 5
5059 1 4
5060 1 5
5061 1 10
5062 1 10
5063 1 15
5064 1 7
5065 1 15
5066 1 15
5067 1 4
5068 1 15
5069 1 4
5070 1 5
5071 1 15
5072 1 4
5073 1 7
5074 1 15
5075 1 10
5076 1 7
5077 1 10
5078 1 15
5079 1 7
5080 1 10
5081 1 5
5082 1 7
5083 1 7
5084 1 5
5085 1 5
5086 1 10
5087 1 15
5088 1 10
5089 1 15
5090 1 10
5091 1 4
5092 1 10
5093 1 4
5094 1 5
5095 1 5
5096 1 5
5097 1 15
5098 1 4
5099 1 7
5100 1 10
5101 1 5
5102 1 15
5103 1 7
5104 1 15
5105 1 4
5106 1 15
5107 1 4
5108 1 10
5109 1 4
5110 1 5
5111 1 10
5112 1 7
5113 1 4
5114 1 15
5115 1 10
5116 1 10
5117 1 10
5118 1 5
5119 1 10
5120 1 7
5121 1 10
5122 1 7
5123 1 15
5124 1 5
5125 1 4
5126 1 10
5127 1 5
5128 1 15
5129 1 10
5130 1 15
5131 1 7
5132 1 5
5133 1 15
5134 1 10
5135 1 15
5136 1 4
5137 1 4
5138 1 5
5139 1 5
5140 1 5
5141 1 15
5142 1 15
5143 1 5
5144 1 5
5145 1 15
5146 1 15
5147 1 4
5148 1 4
5149 1 10
5150 1 5
5151 1 5
5152 1 5
5153 1 10
5154 1 7
5155 1 10
5156 1 15
5157 1 4
5158 1 15
5159 1 15
5160 1 10
5161 1 4
5162 1 7
5163 1 7
5164 1 5
5165 1 4
5166 1 5
5167 1 15
5168 1 15
5169 1 4
5170 1 10
5171 1 5
5172 1 5
5173 1 7
5174 1 7
5175 1 7
5176 1 4
5177 1 10
5178 1 5
5179 1 7
5180 1 5
5181 1 4
5182 1 10
5183 1 7
5184 1 7
5185 1 7
5186 1 15
5187 1 15
5188 1 10
5189 1 4
5190 1 15
5191 1 7
5192 1 7
5193 1 7
5194 1 15
5195 1 15
5196 1 7
5197 1 5
5198 1 5
5199 1 15
5200 1 7
5201 1 15
5202 1 7
5203 1 4
5204 1 4
5205 1 10
5206 1 7
5207 1 10
5208 1 5
5209 1 7
5210 1 10
5211 1 4
5212 1 4
5213 1 10
5214 1 5
5215 1 4
5216 1 5
5217 1 10
5218 1 7
5219 1 7
5220 1 10
5221 1 10
5222 1 7
5223 1 15
5224 1 4
5225 1 4
5226 1 7
5227 1 4
5228 1 15
5229 1 10
5230 1 10
5231 1 5
5232 1 15
5233 1 15
5234 1 10
5235 1 5
5236 1 15
5237 1 5
5238 1 15
5239 1 15
5240 1 4
5241 1 5
5242 1 15
5243 1 15
5244 1 15
5245 1 10
5246 1 5
5247 1 15
5248 1 15
5249 1 4
5250 1 10
5251 1 15
5252 1 15
5253 1 15
5254 1 4
5255 1 5
5256 1 4
5257 1 5
5258 1 15
5259 1 7
5260 1 10
5261 1 5
5262 1 4
5263 1 5
5264 1 15
5265 1 15
5266 1 15
5267 1 5
5268 1 10
5269 1 5
5270 1 7
5271 1 5
5272 1 7
5273 1 4
5274 1 15
5275 1 4
5276 1 15
5277 1 4
5278 1 5
5279 1 7
5280 1 10
5281 1 10
5282 1 7
5283 1 7
5284 1 4
5285 1 15
5286 1 7
5287 1 7
5288 1 4
5289 1 10
5290 1 10
5291 1 5
5292 1 5
5293 1 7
5294 1 4
5295 1 7
5296 1 7
5297 1 10
5298 1 7
5299 1 5
5300 1 10
5301 1 7
5302 1 5
5303 1 5
5304 1 5
5305 1 10
5306 1 10
5307 1 10
5308 1 7
5309 1 10
5310 1 7
5311 1 15
5312 1 5
5313 1 15
5314 1 15
5315 1 15
5316 1 5
5317 1 10
5318 1 7
5319 1 7
5320 1 5
5321 1 15
5322 1 4
5323 1 4
5324 1 7
5325 1 15
5326 1 5
5327 1 15
5328 1 5
5329 1 7
5330 1 10
5331 1 15
5332 1 4
5333 1 4
5334 1 15
5335 1 5
5336 1 15
5337 1 15
5338 1 15
5339 1 10
5340 1 10
5341 1 5
5342 1 10
5343 1 7
5344 1 10
5345 1 10
5346 1 4
5347 1 5
5348 1 7
5349 1 10
5350 1 4
5351 1 7
5352 1 10
5353 1 10
5354 1 4
5355 1 10
5356 1 15
5357 1 5
5358 1 10
5359 1 4
5360 1 4
5361 1 15
5362 1 5
5363 1 5
5364 1 7
5365 1 15
5366 1 7
5367 1 4
5368 1 4
5369 1 7
5370 1 5
5371 1 5
5372 1 10
5373 1 7
5374 1 7
5375 1 5
5376 1 4
5377 1 10
5378 1 5
5379 1 15
5380 1 10
5381 1 7
5382 1 7
5383 1 4
5384 1 15
5385 1 4
5386 1 7
5387 1 7
5388 1 15
5389 1 15
5390 1 5
5391 1 4
5392 1 4
5393 1 5
5394 1 15
5395 1 4
5396 1 10
5397 1 7
5398 1 4
5399 1 15
5400 1 15
5401 1 5
5402 1 4
5403 1 7
5404 1 7
5405 1 4
5406 1 4
5407 1 15
5408 1 4
5409 1 4
5410 1 5
5411 1 5
5412 1 10
5413 1 7
5414 1 10
5415 1 7
5416 1 7
5417 1 7
5418 1 15
5419 1 5
5420 1 4
5421 1 15
5422 1 15
5423 1 10
5424 1 4
5425 1 5
5426 1 7
5427 1 10
5428 1 7
5429 1 5
5430 1 10
5431 1 4
5432 1 5
5433 1 15
5434 1 10
5435 1 10
5436 1 15
5437 1 7
5438 1 7
5439 1 4
5440 1 5
5441 1 10
5442 1 5
5443 1 10
5444 1 5
5445 1 4
5446 1 7
5447 1 7
5448 1 7
5449 1 4
5450 1 10
5451 1 5
5452 1 15
5453 1 5
5454 1 10
5455 1 10
5456 1 15
5457 1 7
5458 1 10
5459 1 5
5460 1 5
5461 1 4
5462 1 4
5463 1 10
5464 1 15
5465 1 4
5466 1 10
5467 1 10
5468 1 4
5469 1 15
5470 1 7
5471 1 15
5472 1 10
5473 1 4
5474 1 10
5475 1 7
5476 1 10
5477 1 5
5478 1 5
5479 1 7
5480 1 10
5481 1 7
5482 1 15
5483 1 10
5484 1 15
5485 1 15
5486 1 10
5487 1 4
5488 1 10
5489 1 7
5490 1 7
5491 1 5
5492 1 10
5493 1 5
5494 1 7
5495 1 5
5496 1 15
5497 1 7
5498 1 10
5499 1 4
5500 1 5
5501 1 10
5502 1 10
5503 1 5
5504 1 7
5505 1 15
5506 1 4
5507 1 4
5508 1 4
5509 1 5
5510 1 5
5511 1 10
5512 1 7
5513 1 7
5514 1 4
5515 1 7
5516 1 5
5517 1 4
5518 1 10
5519 1 7
5520 1 5
5521 1 15
5522 1 5
5523 1 7
5524 1 15
5525 1 15
5526 1 7
5527 1 4
5528 1 5
5529 1 15
5530 1 7
5531 1 5
5532 1 4
5533 1 10
5534 1 10
5535 1 10
5536 1 10
5537 1 7
5538 1 10
5539 1 15
5540 1 7
5541 1 10
5542 1 10
5543 1 4
5544 1 10
5545 1 10
5546 1 5
5547 1 4
5548 1 15
5549 1 5
5550 1 5
5551 1 4
5552 1 4
5553 1 10
5554 1 15
5555 1 10
5556 1 15
5557 1 10
5558 1 5
5559 1 4
5560 1 15
5561 1 7
5562 1 10
5563 1 15
5564 1 15
5565 1 10
5566 1 5
5567 1 15
5568 1 10
5569 1 5
5570 1 10
5571 1 15
5572 1 7
5573 1 4
5574 1 7
5575 1 10
5576 1 4
5577 1 15
5578 1 10
5579 1 5
5580 1 4
5581 1 4
5582 1 15
5583 1 4
5584 1 4
5585 1 5
5586 1 10
5587 1 4
5588 1 10
5589 1 10
5590 1 15
5591 1 10
5592 1 5
5593 1 7
5594 1 4
5595 1 15
5596 1 4
5597 1 5
5598 1 7
5599 1 5
5600 1 15
5601 1 5
5602 1 15
5603 1 5
5604 1 10
5605 1 10
5606 1 7
5607 1 10
5608 1 10
5609 1 10
5610 1 5
5611 1 15
5612 1 5
5613 1 15
5614 1 4
5615 1 7
5616 1 7
5617 1 15
5618 1 7
5619 1 4
5620 1 7
5621 1 10
5622 1 4
5623 1 15
5624 1 10
5625 1 15
5626 1 10
5627 1 10
5628 1 5
5629 1 15
5630 1 7
5631 1 4
5632 1 10
5633 1 10
5634 1 4
5635 1 15
5636 1 10
5637 1 7
5638 1 5
5639 1 7
5640 1 15
5641 1 15
5642 1 7
5643 1 15
5644 1 10
5645 1 4
5646 1 7
5647 1 10
5648 1 10
5649 1 15
5650 1 5
5651 1 7
5652 1 10
5653 1 5
5654 1 7
5655 1 7
5656 1 10
5657 1 4
5658 1 7
5659 1 4
5660 1 15
5661 1 10
5662 1 7
5663 1 10
5664 1 15
5665 1 7
5666 1 15
5667 1 10
5668 1 7
5669 1 5
5670 1 7
5671 1 5
5672 1 7
5673 1 4
5674 1 15
5675 1 10
5676 1 15
5677 1 15
5678 1 15
5679 1 7
5680 1 4
5681 1 15
5682 1 4
5683 1 10
5684 1 7
5685 1 10
5686 1 4
5687 1 15
5688 1 5
5689 1 15
5690 1 7
5691 1 5
5692 1 5
5693 1 7
5694 1 4
5695 1 4
5696 1 15
5697 1 7
5698 1 10
5699 1 7
5700 1 5
5701 1 10
5702 1 7
5703 1 10
5704 1 15
5705 1 7
5706 1 15
5707 1 5
5708 1 4
5709 1 4
5710 1 5
5711 1 10
5712 1 10
5713 1 15
5714 1 4
5715 1 10
5716 1 10
5717 1 7
5718 1 15
5719 1 5
5720 1 10
5721 1 15
5722 1 15
5723 1 7
5724 1 4
5725 1 7
5726 1 4
5727 1 15
5728 1 5
5729 1 7
5730 1 4
5731 1 10
5732 1 4
5733 1 5
5734 1 7
5735 1 15
5736 1 15
5737 1 5
5738 1 7
5739 1 5
5740 1 10
5741 1 7
5742 1 5
5743 1 10
5744 1 4
5745 1 7
5746 1 7
5747 1 4
5748 1 4
5749 1 10
5750 1 4
5751 1 7
5752 1 7
5753 1 10
5754 1 15
5755 1 5
5756 1 7
5757 1 15
5758 1 15
5759 1 10
5760 1 4
5761 1 7
5762 1 15
5763 1 15
5764 1 5
5765 1 5
5766 1 5
5767 1 7
5768 1 15
5769 1 7
5770 1 5
5771 1 15
5772 1 15
5773 1 10
5774 1 7
5775 1 15
5776 1 10
5777 1 7
5778 1 15
5779 1 15
5780 1 4
5781 1 7
5782 1 15
5783 1 10
5784 1 15
5785 1 10
5786 1 15
5787 1 5
5788 1 10
5789 1 5
5790 1 7
5791 1 5
5792 1 5
5793 1 7
5794 1 7
5795 1 10
5796 1 15
5797 1 4
5798 1 10
5799 1 15
5800 1 4
5801 1 7
5802 1 4
5803 1 7
5804 1 4
5805 1 7
5806 1 10
5807 1 10
5808 1 5
5809 1 15
5810 1 10
5811 1 4
5812 1 4
5813 1 10
5814 1 5
5815 1 10
5816 1 10
5817 1 10
5818 1 10
5819 1 15
5820 1 5
5821 1 5
5822 1 4
5823 1 7
5824 1 7
5825 1 5
5826 1 10
5827 1 4
5828 1 4
5829 1 10
5830 1 4
5831 1 10
5832 1 7
5833 1 7
5834 1 10
5835 1 15
5836 1 10
5837 1 5
5838 1 7
5839 1 7
5840 1 7
5841 1 7
5842 1 4
5843 1 10
5844 1 5
5845 1 15
5846 1 4
5847 1 5
5848 1 5
5849 1 7
5850 1 7
5851 1 10
5852 1 5
5853 1 15
5854 1 4
5855 1 5
5856 1 15
5857 1 10
5858 1 4
5859 1 10
5860 1 15
5861 1 7
5862 1 15
5863 1 10
5864 1 4
5865 1 5
5866 1 5
5867 1 15
5868 1 10
5869 1 5
5870 1 4
5871 1 5
5872 1 5
5873 1 4
5874 1 15
5875 1 10
5876 1 15
5877 1 5
5878 1 7
5879 1 10
5880 1 5
5881 1 10
5882 1 4
5883 1 5
5884 1 7
5885 1 10
5886 1 4
5887 1 15
5888 1 15
5889 1 15
5890 1 5
5891 1 15
5892 1 7
5893 1 7
5894 1 10
5895 1 15
5896 1 4
5897 1 7
5898 1 4
5899 1 15
5900 1 4
5901 1 15
5902 1 5
5903 1 7
5904 1 10
5905 1 7
5906 1 5
5907 1 7
5908 1 5
5909 1 5
5910 1 10
5911 1 7
5912 1 15
5913 1 10
5914 1 5
5915 1 10
5916 1 15
5917 1 4
5918 1 15
5919 1 4
5920 1 7
5921 1 7
5922 1 7
5923 1 15
5924 1 4
5925 1 5
5926 1 5
5927 1 15
5928 1 5
5929 1 4
5930 1 5
5931 1 7
5932 1 7
5933 1 5
5934 1 7
5935 1 5
5936 1 4
5937 1 10
5938 1 15
5939 1 4
5940 1 4
5941 1 15
5942 1 15
5943 1 7
5944 1 10
5945 1 4
5946 1 15
5947 1 5
5948 1 15
5949 1 7
5950 1 5
5951 1 7
5952 1 5
5953 1 15
5954 1 7
5955 1 4
5956 1 10
5957 1 10
5958 1 4
5959 1 4
5960 1 7
5961 1 7
5962 1 10
5963 1 15
5964 1 10
5965 1 5
5966 1 7
5967 1 15
5968 1 15
5969 1 5
5970 1 4
5971 1 10
5972 1 7
5973 1 4
5974 1 7
5975 1 4
5976 1 5
5977 1 7
5978 1 5
5979 1 15
5980 1 10
5981 1 5
5982 1 10
5983 1 15
5984 1 15
5985 1 5
5986 1 15
5987 1 5
5988 1 4
5989 1 4
5990 1 7
5991 1 5
5992 1 5
5993 1 10
5994 1 4
5995 1 5
5996 1 10
5997 1 5
5998 1 15
5999 1 7
6000 1 4
6001 1 15
6002 1 4
6003 1 7
6004 1 5
6005 1 15
6006 1 10
6007 1 15
6008 1 7
6009 1 5
6010 1 4
6011 1 10
6012 1 10
6013 1 4
6014 1 10
6015 1 15
6016 1 10
6017 1 10
6018 1 15
6019 1 4
6020 1 5
6021 1 10
6022 1 5
6023 1 5
6024 1 7
6025 1 4
6026 1 5
6027 1 15
6028 1 15
6029 1 15
6030 1 15
6031 1 7
6032 1 4
6033 1 7
6034 1 5
6035 1 5
6036 1 4
6037 1 7
6038 1 15
6039 1 10
6040 1 5
6041 1 5
6042 1 15
6043 1 5
6044 1 10
6045 1 4
6046 1 15
6047 1 4
6048 1 4
6049 1 10
6050 1 10
6051 1 10
6052 1 10
6053 1 4
6054 1 10
6055 1 5
6056 1 10
6057 1 10
6058 1 15
6059 1 10
6060 1 10
6061 1 5
6062 1 10
6063 1 15
6064 1 10
6065 1 10
6066 1 15
6067 1 15
6068 1 15
6069 1 7
6070 1 4
6071 1 15
6072 1 7
6073 1 5
6074 1 15
6075 1 4
6076 1 7
6077 1 10
6078 1 7
6079 1 15
6080 1 5
6081 1 10
6082 1 4
6083 1 10
6084 1 15
6085 1 5
6086 1 10
6087 1 5
6088 1 10
6089 1 4
6090 1 5
6091 1 5
6092 1 4
6093 1 4
6094 1 5
6095 1 5
6096 1 4
6097 1 10
6098 1 4
6099 1 15
6100 1 10
6101 1 7
6102 1 10
6103 1 5
6104 1 15
6105 1 15
6106 1 10
6107 1 15
6108 1 15
6109 1 15
6110 1 7
6111 1 7
6112 1 10
6113 1 15
6114 1 5
6115 1 5
6116 1 10
6117 1 7
6118 1 7
6119 1 4
6120 1 7
6121 1 10
6122 1 15
6123 1 15
6124 1 5
6125 1 15
6126 1 4
6127 1 7
6128 1 10
6129 1 4
6130 1 7
6131 1 7
6132 1 4
6133 1 10
6134 1 5
6135 1 10
6136 1 4
6137 1 15
6138 1 7
6139 1 15
6140 1 5
6141 1 5
6142 1 15
6143 1 7
6144 1 15
6145 1 7
6146 1 10
6147 1 15
6148 1 15
6149 1 10
6150 1 7
6151 1 10
6152 1 7
6153 1 4
6154 1 7
6155 1 7
6156 1 4
6157 1 4
6158 1 5
6159 1 15
6160 1 7
6161 1 10
6162 1 7
6163 1 7
6164 1 5
6165 1 10
6166 1 5
6167 1 10
6168 1 15
6169 1 15
6170 1 15
6171 1 7
6172 1 15
6173 1 5
6174 1 4
6175 1 7
6176 1 15
6177 1 7
6178 1 15
6179 1 10
6180 1 7
6181 1 10
6182 1 15
6183 1 5
6184 1 7
6185 1 5
6186 1 5
6187 1 4
6188 1 4
6189 1 15
6190 1 15
6191 1 10
6192 1 15
6193 1 10
6194 1 15
6195 1 7
6196 1 15
6197 1 4
6198 1 10
6199 1 5
6200 1 7
6201 1 5
6202 1 4
6203 1 10
6204 1 15
6205 1 10
6206 1 5
6207 1 4
6208 1 7
6209 1 4
6210 1 10
6211 1 10
6212 1 10
6213 1 10
6214 1 4
6215 1 10
6216 1 4
6217 1 10
6218 1 7
6219 1 10
6220 1 5
6221 1 10
6222 1 7
6223 1 4
6224 1 5
6225 1 15
6226 1 15
6227 1 15
6228 1 10
6229 1 4
6230 1 5
6231 1 10
6232 1 7
6233 1 10
6234 1 7
6235 1 4
6236 1 7
6237 1 10
6238 1 10
6239 1 15
6240 1 7
6241 1 7
6242 1 10
6243 1 7
6244 1 5
6245 1 4
6246 1 5
6247 1 5
6248 1 10
6249 1 5
6250 1 15
6251 1 7
6252 1 5
6253 1 4
6254 1 4
6255 1 15
6256 1 15
6257 1 5
6258 1 5
6259 1 7
6260 1 7
6261 1 10
6262 1 5
6263 1 10
6264 1 5
6265 1 15
6266 1 5
6267 1 7
6268 1 15
6269 1 15
6270 1 5
6271 1 15
6272 1 10
6273 1 4
6274 1 15
6275 1 15
6276 1 4
6277 1 4
6278 1 15
6279 1 15
6280 1 15
6281 1 4
6282 1 7
6283 1 15
6284 1 15
6285 1 4
6286 1 5
6287 1 15
6288 1 5
6289 1 10
6290 1 5
6291 1 7
6292 1 15
6293 1 10
6294 1 10
6295 1 10
6296 1 4
6297 1 15
6298 1 4
6299 1 15
6300 1 10
6301 1 7
6302 1 7
6303 1 5
6304 1 5
6305 1 5
6306 1 5
6307 1 4
6308 1 15
6309 1 7
6310 1 10
6311 1 10
6312 1 15
6313 1 7
6314 1 15
6315 1 4
6316 1 15
6317 1 5
6318 1 15
6319 1 15
6320 1 7
6321 1 5
6322 1 10
6323 1 4
6324 1 4
6325 1 4
6326 1 7
6327 1 5
6328 1 5
6329 1 7
6330 1 7
6331 1 10
6332 1 5
6333 1 7
6334 1 7
6335 1 4
6336 1 10
6337 1 10
6338 1 5
6339 1 10
6340 1 5
6341 1 10
6342 1 15
6343 1 15
6344 1 4
6345 1 4
6346 1 5
6347 1 4
6348 1 5
6349 1 5
6350 1 10
6351 1 15
6352 1 5
6353 1 4
6354 1 4
6355 1 4
6356 1 10
6357 1 7
6358 1 4
6359 1 7
6360 1 15
6361 1 15
6362 1 4
6363 1 4
6364 1 15
6365 1 15
6366 1 5
6367 1 15
6368 1 10
6369 1 4
6370 1 7
6371 1 4
6372 1 10
6373 1 4
6374 1 4
6375 1 4
6376 1 5
6377 1 5
6378 1 7
6379 1 15
6380 1 15
6381 1 7
6382 1 15
6383 1 15
6384 1 10
6385 1 7
6386 1 5
6387 1 10
6388 1 7
6389 1 7
6390 1 7
6391 1 7
6392 1 4
6393 1 10
6394 1 7
6395 1 10
6396 1 7
6397 1 7
6398 1 10
6399 1 5
6400 1 15
6401 1 5
6402 1 5
6403 1 5
6404 1 7
6405 1 15
6406 1 15
6407 1 10
6408 1 4
6409 1 7
6410 1 5
6411 1 7
6412 1 10
6413 1 7
6414 1 7
6415 1 7
6416 1 4
6417 1 4
6418 1 4
6419 1 5
6420 1 4
6421 1 4
6422 1 10
6423 1 15
6424 1 7
6425 1 4
6426 1 7
6427 1 15
6428 1 5
6429 1 4
6430 1 15
6431 1 7
6432 1 7
6433 1 4
6434 1 10
6435 1 5
6436 1 5
6437 1 7
6438 1 5
6439 1 15
6440 1 4
6441 1 10
6442 1 7
6443 1 7
6444 1 10
6445 1 4
6446 1 7
6447 1 10
6448 1 7
6449 1 15
6450 1 4
6451 1 15
6452 1 5
6453 1 15
6454 1 7
6455 1 5
6456 1 7
6457 1 5
6458 1 15
6459 1 10
6460 1 5
6461 1 7
6462 1 4
6463 1 10
6464 1 7
6465 1 4
6466 1 5
6467 1 5
6468 1 5
6469 1 5
6470 1 5
6471 1 10
6472 1 5
6473 1 5
6474 1 4
6475 1 15
6476 1 5
6477 1 7
6478 1 15
6479 1 4
6480 1 10
6481 1 10
6482 1 15
6483 1 7
6484 1 4
6485 1 7
6486 1 15
6487 1 15
6488 1 7
6489 1 4
6490 1 4
6491 1 4
6492 1 15
6493 1 7
6494 1 10
6495 1 4
6496 1 5
6497 1 10
6498 1 5
6499 1 5
6500 1 4
6501 1 10
6502 1 5
6503 1 15
6504 1 4
6505 1 7
6506 1 5
6507 1 4
6508 1 5
6509 1 10
6510 1 15
6511 1 4
6512 1 7
6513 1 10
6514 1 5
6515 1 10
6516 1 10
6517 1 15
6518 1 15
6519 1 7
6520 1 7
6521 1 5
6522 1 5
6523 1 10
6524 1 4
6525 1 10
6526 1 7
6527 1 15
6528 1 5
6529 1 4
6530 1 10
6531 1 10
6532 1 7
6533 1 10
6534 1 10
6535 1 10
6536 1 5
6537 1 4
6538 1 7
6539 1 15
6540 1 10
6541 1 7
6542 1 4
6543 1 15
6544 1 5
6545 1 7
6546 1 4
6547 1 5
6548 1 15
6549 1 15
6550 1 4
6551 1 5
6552 1 7
6553 1 4
6554 1 10
6555 1 4
6556 1 5
6557 1 7
6558 1 7
6559 1 15
6560 1 10
6561 1 10
6562 1 15
6563 1 7
6564 1 4
6565 1 5
6566 1 4
6567 1 5
6568 1 5
6569 1 4
6570 1 7
6571 1 15
6572 1 7
6573 1 7
6574 1 7
6575 1 15
6576 1 5
6577 1 5
6578 1 7
6579 1 7
6580 1 10
6581 1 10
6582 1 5
6583 1 4
6584 1 10
6585 1 4
6586 1 10
6587 1 10
6588 1 10
6589 1 4
6590 1 10
6591 1 4
6592 1 5
6593 1 5
6594 1 15
6595 1 15
6596 1 5
6597 1 7
6598 1 5
6599 1 4
6600 1 5
6601 1 7
6602 1 4
6603 1 7
6604 1 15
6605 1 15
6606 1 15
6607 1 10
6608 1 15
6609 1 4
6610 1 15
6611 1 15
6612 1 5
6613 1 10
6614 1 4
6615 1 7
6616 1 10
6617 1 4
6618 1 10
6619 1 10
6620 1 15
6621 1 5
6622 1 10
6623 1 5
6624 1 10
6625 1 4
6626 1 15
6627 1 4
6628 1 10
6629 1 10
6630 1 15
6631 1 7
6632 1 7
6633 1 10
6634 1 5
6635 1 4
6636 1 7
6637 1 7
6638 1 7
6639 1 10
6640 1 10
6641 1 15
6642 1 5
6643 1 15
6644 1 7
6645 1 4
6646 1 4
6647 1 5
6648 1 7
6649 1 15
6650 1 4
6651 1 10
6652 1 4
6653 1 4
6654 1 10
6655 1 7
6656 1 4
6657 1 15
6658 1 7
6659 1 4
6660 1 5
6661 1 7
6662 1 5
6663 1 15
6664 1 4
6665 1 4
6666 1 15
6667 1 15
6668 1 10
6669 1 5
6670 1 15
6671 1 15
6672 1 5
6673 1 15
6674 1 15
6675 1 5
6676 1 4
6677 1 4
6678 1 10
6679 1 7
6680 1 5
6681 1 5
6682 1 10
6683 1 15
6684 1 7
6685 1 7
6686 1 15
6687 1 15
6688 1 10
6689 1 10
6690 1 10
6691 1 5
6692 1 10
6693 1 4
6694 1 4
6695 1 15
6696 1 5
6697 1 10
6698 1 10
6699 1 4
6700 1 7
6701 1 10
6702 1 4
6703 1 4
6704 1 15
6705 1 10
6706 1 5
6707 1 10
6708 1 10
6709 1 4
6710 1 15
6711 1 15
6712 1 15
6713 1 15
6714 1 7
6715 1 7
6716 1 7
6717 1 5
6718 1 15
6719 1 10
6720 1 10
6721 1 4
6722 1 15
6723 1 5
6724 1 4
6725 1 15
6726 1 10
6727 1 15
6728 1 7
6729 1 15
6730 1 10
6731 1 10
6732 1 10
6733 1 15
6734 1 7
6735 1 15
6736 1 10
6737 1 10
6738 1 7
6739 1 10
6740 1 10
6741 1 7
6742 1 10
6743 1 10
6744 1 15
6745 1 10
6746 1 10
6747 1 7
6748 1 10
6749 1 15
6750 1 10
6751 1 15
6752 1 15
6753 1 10
6754 1 7
6755 1 5
6756 1 15
6757 1 15
6758 1 10
6759 1 10
6760 1 10
6761 1 15
6762 1 15
6763 1 5
6764 1 10
6765 1 5
6766 1 4
6767 1 15
6768 1 4
6769 1 15
6770 1 5
6771 1 15
6772 1 10
6773 1 15
6774 1 5
6775 1 10
6776 1 10
6777 1 5
6778 1 7
6779 1 4
6780 1 4
6781 1 7
6782 1 7
6783 1 4
6784 1 7
6785 1 4
6786 1 7
6787 1 4
6788 1 4
6789 1 15
6790 1 5
6791 1 7
6792 1 10
6793 1 10
6794 1 15
6795 1 7
6796 1 7
6797 1 10
6798 1 10
6799 1 15
6800 1 7
6801 1 4
6802 1 15
6803 1 15
6804 1 15
6805 1 7
6806 1 7
6807 1 15
6808 1 10
6809 1 5
6810 1 15
6811 1 7
6812 1 7
6813 1 5
6814 1 15
6815 1 4
6816 1 15
6817 1 7
6818 1 4
6819 1 7
6820 1 5
6821 1 4
6822 1 5
6823 1 10
6824 1 7
6825 1 5
6826 1 7
6827 1 15
6828 1 7
6829 1 7
6830 1 5
6831 1 7
6832 1 7
6833 1 7
6834 1 5
6835 1 10
6836 1 7
6837 1 10
6838 1 10
6839 1 15
6840 1 4
6841 1 4
6842 1 15
6843 1 15
6844 1 4
6845 1 10
6846 1 7
6847 1 5
6848 1 10
6849 1 10
6850 1 10
6851 1 7
6852 1 15
6853 1 7
6854 1 5
6855 1 5
6856 1 10
6857 1 5
6858 1 10
6859 1 7
6860 1 10
6861 1 10
6862 1 10
6863 1 15
6864 1 7
6865 1 7
6866 1 4
6867 1 4
6868 1 7
6869 1 7
6870 1 7
6871 1 5
6872 1 4
6873 1 4
6874 1 10
6875 1 15
6876 1 5
6877 1 4
6878 1 7
6879 1 10
6880 1 5
6881 1 5
6882 1 15
6883 1 5
6884 1 5
6885 1 5
6886 1 7
6887 1 5
6888 1 10
6889 1 15
6890 1 10
6891 1 15
6892 1 5
6893 1 5
6894 1 15
6895 1 4
6896 1 5
6897 1 7
6898 1 10
6899 1 15
6900 1 10
6901 1 4
6902 1 5
6903 1 7
6904 1 7
6905 1 5
6906 1 15
6907 1 5
6908 1 10
6909 1 10
6910 1 4
6911 1 4
6912 1 4
6913 1 10
6914 1 7
6915 1 7
6916 1 7
6917 1 7
6918 1 10
6919 1 10
6920 1 15
6921 1 5
6922 1 15
6923 1 10
6924 1 4
6925 1 7
6926 1 4
6927 1 7
6928 1 5
6929 1 7
6930 1 4
6931 1 7
6932 1 4
6933 1 15
6934 1 10
6935 1 10
6936 1 7
6937 1 5
6938 1 10
6939 1 10
6940 1 10
6941 1 15
6942 1 4
6943 1 5
6944 1 4
6945 1 4
6946 1 5
6947 1 10
6948 1 4
6949 1 10
6950 1 10
6951 1 7
6952 1 7
6953 1 10
6954 1 5
6955 1 5
6956 1 10
6957 1 5
6958 1 4
6959 1 15
6960 1 7
6961 1 10
6962 1 15
6963 1 5
6964 1 10
6965 1 5
6966 1 7
6967 1 7
6968 1 10
6969 1 4
6970 1 10
6971 1 4
6972 1 4
6973 1 10
6974 1 7
6975 1 5
6976 1 5
6977 1 4
6978 1 7
6979 1 7
6980 1 4
6981 1 15
6982 1 10
6983 1 10
6984 1 4
6985 1 10
6986 1 5
6987 1 15
6988 1 4
6989 1 4
6990 1 15
6991 1 4
6992 1 10
6993 1 10
6994 1 7
6995 1 4
6996 1 7
6997 1 5
6998 1 5
6999 1 7
7000 1 4
7001 1 7
7002 1 5
7003 1 10
7004 1 15
7005 1 15
7006 1 4
7007 1 4
7008 1 10
7009 1 7
7010 1 15
7011 1 5
7012 1 10
7013 1 7
7014 1 4
7015 1 7
7016 1 10
7017 1 5
7018 1 15
7019 1 15
7020 1 4
7021 1 7
7022 1 10
7023 1 10
7024 1 10
7025 1 7
7026 1 15
7027 1 10
7028 1 4
7029 1 4
7030 1 7
7031 1 7
7032 1 10
7033 1 5
7034 1 7
7035 1 15
7036 1 5
7037 1 10
7038 1 10
7039 1 10
7040 1 7
7041 1 7
7042 1 5
7043 1 15
7044 1 7
7045 1 5
7046 1 5
7047 1 5
7048 1 4
7049 1 10
7050 1 7
7051 1 10
7052 1 5
7053 1 10
7054 1 5
7055 1 7
7056 1 5
7057 1 7
7058 1 5
7059 1 4
7060 1 10
7061 1 4
7062 1 4
7063 1 4
7064 1 4
7065 1 7
7066 1 7
7067 1 5
7068 1 4
7069 1 15
7070 1 5
7071 1 5
7072 1 4
7073 1 15
7074 1 4
7075 1 5
7076 1 10
7077 1 7
7078 1 5
7079 1 10
7080 1 15
7081 1 4
7082 1 10
7083 1 7
7084 1 15
7085 1 5
7086 1 7
7087 1 15
7088 1 7
7089 1 15
7090 1 5
7091 1 4
7092 1 10
7093 1 15
7094 1 15
7095 1 15
7096 1 10
7097 1 5
7098 1 7
7099 1 4
7100 1 7
7101 1 5
7102 1 4
7103 1 5
7104 1 15
7105 1 15
7106 1 7
7107 1 7
7108 1 7
7109 1 15
7110 1 5
7111 1 10
7112 1 10
7113 1 4
7114 1 15
7115 1 7
7116 1 7
7117 1 15
7118 1 10
7119 1 7
7120 1 15
7121 1 7
7122 1 5
7123 1 10
7124 1 10
7125 1 10
7126 1 7
7127 1 4
7128 1 4
7129 1 5
7130 1 10
7131 1 7
7132 1 7
7133 1 7
7134 1 5
7135 1 15
7136 1 15
7137 1 5
7138 1 4
7139 1 15
7140 1 7
7141 1 5
7142 1 4
7143 1 7
7144 1 7
7145 1 10
7146 1 15
7147 1 10
7148 1 10
7149 1 7
7150 1 4
7151 1 15
7152 1 7
7153 1 10
7154 1 15
7155 1 15
7156 1 15
7157 1 15
7158 1 10
7159 1 7
7160 1 10
7161 1 7
7162 1 10
7163 1 15
7164 1 5
7165 1 10
7166 1 5
7167 1 4
7168 1 10
7169 1 4
7170 1 7
7171 1 7
7172 1 4
7173 1 7
7174 1 15
7175 1 15
7176 1 5
7177 1 5
7178 1 10
7179 1 5
7180 1 10
7181 1 10
7182 1 4
7183 1 5
7184 1 7
7185 1 7
7186 1 4
7187 1 5
7188 1 4
7189 1 10
7190 1 4
7191 1 7
7192 1 7
7193 1 4
7194 1 5
7195 1 5
7196 1 15
7197 1 4
7198 1 5
7199 1 4
7200 1 4
7201 1 10
7202 1 10
7203 1 5
7204 1 7
7205 1 7
7206 1 15
7207 1 10
7208 1 10
7209 1 10
7210 1 5
7211 1 4
7212 1 15
7213 1 10
7214 1 4
7215 1 7
7216 1 10
7217 1 15
7218 1 5
7219 1 4
7220 1 5
7221 1 7
7222 1 15
7223 1 15
7224 1 7
7225 1 7
7226 1 10
7227 1 7
7228 1 15
7229 1 5
7230 1 10
7231 1 4
7232 1 10
7233 1 4
7234 1 5
7235 1 15
7236 1 15
7237 1 5
7238 1 10
7239 1 5
7240 1 5
7241 1 10
7242 1 7
7243 1 7
7244 1 10
7245 1 7
7246 1 7
7247 1 15
7248 1 7
7249 1 4
7250 1 5
7251 1 5
7252 1 5
7253 1 10
7254 1 4
7255 1 10
7256 1 10
7257 1 4
7258 1 4
7259 1 5
7260 1 5
7261 1 15
7262 1 7
7263 1 7
7264 1 7
7265 1 10
7266 1 7
7267 1 7
7268 1 4
7269 1 5
7270 1 4
7271 1 15
7272 1 7
7273 1 10
7274 1 7
7275 1 10
7276 1 7
7277 1 4
7278 1 5
7279 1 10
7280 1 4
7281 1 4
7282 1 7
7283 1 4
7284 1 10
7285 1 10
7286 1 10
7287 1 4
7288 1 4
7289 1 10
7290 1 7
7291 1 15
7292 1 4
7293 1 7
7294 1 4
7295 1 7
7296 1 4
7297 1 10
7298 1 5
7299 1 7
7300 1 10
7301 1 10
7302 1 7
7303 1 7
7304 1 10
7305 1 7
7306 1 10
7307 1 10
7308 1 15
7309 1 7
7310 1 10
7311 1 15
7312 1 4
7313 1 4
7314 1 15
7315 1 4
7316 1 15
7317 1 15
7318 1 15
7319 1 7
7320 1 4
7321 1 10
7322 1 5
7323 1 15
7324 1 15
7325 1 7
7326 1 4
7327 1 4
7328 1 4
7329 1 5
7330 1 7
7331 1 7
7332 1 10
7333 1 4
7334 1 10
7335 1 4
7336 1 15
7337 1 4
7338 1 10
7339 1 5
7340 1 7
7341 1 5
7342 1 5
7343 1 5
7344 1 15
7345 1 15
7346 1 7
7347 1 15
7348 1 10
7349 1 4
7350 1 7
7351 1 7
7352 1 10
7353 1 7
7354 1 15
7355 1 7
7356 1 15
7357 1 7
7358 1 7
7359 1 15
7360 1 7
7361 1 5
7362 1 15
7363 1 10
7364 1 15
7365 1 4
7366 1 4
7367 1 7
7368 1 10
7369 1 5
7370 1 15
7371 1 10
7372 1 7
7373 1 7
7374 1 10
7375 1 4
7376 1 10
7377 1 4
7378 1 5
7379 1 5
7380 1 15
7381 1 5
7382 1 7
7383 1 4
7384 1 7
7385 1 10
7386 1 5
7387 1 15
7388 1 5
7389 1 7
7390 1 10
7391 1 5
7392 1 7
7393 1 10
7394 1 7
7395 1 5
7396 1 10
7397 1 7
7398 1 5
7399 1 15
7400 1 10
7401 1 4
7402 1 5
7403 1 10
7404 1 10
7405 1 4
7406 1 4
7407 1 5
7408 1 4
7409 1 4
7410 1 10
7411 1 5
7412 1 15
7413 1 7
7414 1 4
7415 1 10
7416 1 4
7417 1 7
7418 1 15
7419 1 7
7420 1 15
7421 1 4
7422 1 10
7423 1 7
7424 1 5
7425 1 7
7426 1 15
7427 1 7
7428 1 15
7429 1 7
7430 1 7
7431 1 15
7432 1 10
7433 1 10
7434 1 15
7435 1 4
7436 1 5
7437 1 5
7438 1 7
7439 1 15
7440 1 4
7441 1 4
7442 1 4
7443 1 5
7444 1 5
7445 1 4
7446 1 5
7447 1 4
7448 1 4
7449 1 7
7450 1 7
7451 1 5
7452 1 5
7453 1 5
7454 1 5
7455 1 10
7456 1 10
7457 1 5
7458 1 5
7459 1 7
7460 1 15
7461 1 5
7462 1 4
7463 1 10
7464 1 7
7465 1 5
7466 1 10
7467 1 15
7468 1 4
7469 1 7
7470 1 15
7471 1 15
7472 1 4
7473 1 5
7474 1 4
7475 1 5
7476 1 5
7477 1 10
7478 1 7
7479 1 4
7480 1 15
7481 1 5
7482 1 10
7483 1 10
7484 1 7
7485 1 7
7486 1 4
7487 1 15
7488 1 5
7489 1 10
7490 1 5
7491 1 10
7492 1 4
7493 1 15
7494 1 15
7495 1 7
7496 1 5
7497 1 5
7498 1 7
7499 1 15
7500 1 7
7501 1 15
7502 1 15
7503 1 15
7504 1 4
7505 1 4
7506 1 7
7507 1 5
7508 1 7
7509 1 15
7510 1 15
7511 1 4
7512 1 15
7513 1 5
7514 1 10
7515 1 5
7516 1 4
7517 1 10
7518 1 7
7519 1 7
7520 1 15
7521 1 7
7522 1 7
7523 1 5
7524 1 15
7525 1 15
7526 1 15
7527 1 5
7528 1 10
7529 1 5
7530 1 5
7531 1 4
7532 1 7
7533 1 5
7534 1 5
7535 1 4
7536 1 7
7537 1 7
7538 1 10
7539 1 7
7540 1 15
7541 1 4
7542 1 4
7543 1 5
7544 1 7
7545 1 4
7546 1 4
7547 1 5
7548 1 15
7549 1 4
7550 1 4
7551 1 4
7552 1 7
7553 1 7
7554 1 5
7555 1 5
7556 1 4
7557 1 15
7558 1 5
7559 1 15
7560 1 5
7561 1 4
7562 1 15
7563 1 7
7564 1 15
7565 1 7
7566 1 10
7567 1 5
7568 1 4
7569 1 7
7570 1 5
7571 1 15
7572 1 4
7573 1 4
7574 1 10
7575 1 7
7576 1 7
7577 1 10
7578 1 7
7579 1 5
7580 1 7
7581 1 4
7582 1 4
7583 1 4
7584 1 4
7585 1 5
7586 1 15
7587 1 15
7588 1 5
7589 1 7
7590 1 15
7591 1 4
7592 1 15
7593 1 15
7594 1 5
7595 1 4
7596 1 15
7597 1 4
7598 1 5
7599 1 4
7600 1 7
7601 1 10
7602 1 10
7603 1 7
7604 1 7
7605 1 7
7606 1 7
7607 1 10
7608 1 4
7609 1 10
7610 1 4
7611 1 4
7612 1 10
7613 1 15
7614 1 10
7615 1 10
7616 1 5
7617 1 5
7618 1 10
7619 1 4
7620 1 15
7621 1 10
7622 1 15
7623 1 10
7624 1 7
7625 1 15
7626 1 5
7627 1 15
7628 1 5
7629 1 7
7630 1 4
7631 1 15
7632 1 5
7633 1 15
7634 1 5
7635 1 7
7636 1 15
7637 1 5
7638 1 15
7639 1 4
7640 1 10
7641 1 4
7642 1 10
7643 1 15
7644 1 15
7645 1 10
7646 1 4
7647 1 4
7648 1 4
7649 1 4
7650 1 10
7651 1 7
7652 1 15
7653 1 5
7654 1 7
7655 1 7
7656 1 15
7657 1 10
7658 1 4
7659 1 10
7660 1 7
7661 1 4
7662 1 7
7663 1 4
7664 1 10
7665 1 15
7666 1 5
7667 1 15
7668 1 4
7669 1 4
7670 1 4
7671 1 4
7672 1 10
7673 1 4
7674 1 7
7675 1 15
7676 1 4
7677 1 10
7678 1 4
7679 1 7
7680 1 7
7681 1 10
7682 1 5
7683 1 7
7684 1 10
7685 1 15
7686 1 10
7687 1 5
7688 1 7
7689 1 4
7690 1 10
7691 1 4
7692 1 7
7693 1 10
7694 1 15
7695 1 4
7696 1 4
7697 1 15
7698 1 4
7699 1 15
7700 1 10
7701 1 4
7702 1 10
7703 1 10
7704 1 4
7705 1 4
7706 1 5
7707 1 4
7708 1 5
7709 1 10
7710 1 4
7711 1 10
7712 1 5
7713 1 7
7714 1 10
7715 1 15
7716 1 5
7717 1 10
7718 1 7
7719 1 10
7720 1 7
7721 1 4
7722 1 4
7723 1 4
7724 1 7
7725 1 15
7726 1 5
7727 1 7
7728 1 10
7729 1 15
7730 1 4
7731 1 7
7732 1 10
7733 1 5
7734 1 7
7735 1 5
7736 1 10
7737 1 15
7738 1 5
7739 1 10
7740 1 10
7741 1 4
7742 1 4
7743 1 4
7744 1 7
7745 1 7
7746 1 5
7747 1 7
7748 1 15
7749 1 4
7750 1 4
7751 1 7
7752 1 10
7753 1 7
7754 1 7
7755 1 5
7756 1 15
7757 1 10
7758 1 10
7759 1 15
7760 1 10
7761 1 10
7762 1 4
7763 1 7
7764 1 10
7765 1 7
7766 1 15
7767 1 15
7768 1 4
7769 1 10
7770 1 10
7771 1 5
7772 1 10
7773 1 5
7774 1 10
7775 1 4
7776 1 15
7777 1 4
7778 1 10
7779 1 7
7780 1 10
7781 1 7
7782 1 4
7783 1 7
7784 1 10
7785 1 4
7786 1 10
7787 1 15
7788 1 4
7789 1 10
7790 1 15
7791 1 10
7792 1 4
7793 1 10
7794 1 4
7795 1 5
7796 1 4
7797 1 7
7798 1 10
7799 1 4
7800 1 7
7801 1 4
7802 1 15
7803 1 15
7804 1 5
7805 1 15
7806 1 4
7807 1 10
7808 1 4
7809 1 7
7810 1 7
7811 1 4
7812 1 5
7813 1 5
7814 1 10
7815 1 7
7816 1 15
7817 1 10
7818 1 4
7819 1 4
7820 1 10
7821 1 5
7822 1 5
7823 1 15
7824 1 5
7825 1 10
7826 1 4
7827 1 4
7828 1 4
7829 1 4
7830 1 5
7831 1 7
7832 1 4
7833 1 10
7834 1 10
7835 1 7
7836 1 10
7837 1 5
7838 1 7
7839 1 4
7840 1 4
7841 1 15
7842 1 15
7843 1 4
7844 1 7
7845 1 5
7846 1 4
7847 1 15
7848 1 7
7849 1 5
7850 1 7
7851 1 7
7852 1 4
7853 1 4
7854 1 10
7855 1 7
7856 1 15
7857 1 15
7858 1 4
7859 1 7
7860 1 15
7861 1 5
7862 1 15
7863 1 15
7864 1 5
7865 1 15
7866 1 4
7867 1 5
7868 1 4
7869 1 5
7870 1 7
7871 1 15
7872 1 5
7873 1 5
7874 1 10
7875 1 4
7876 1 7
7877 1 10
7878 1 5
7879 1 7
7880 1 10
7881 1 5
7882 1 15
7883 1 10
7884 1 4
7885 1 5
7886 1 7
7887 1 5
7888 1 7
7889 1 5
7890 1 4
7891 1 15
7892 1 10
7893 1 4
7894 1 15
7895 1 15
7896 1 5
7897 1 10
7898 1 4
7899 1 5
7900 1 7
7901 1 15
7902 1 4
7903 1 4
7904 1 7
7905 1 10
7906 1 15
7907 1 5
7908 1 7
7909 1 7
7910 1 10
7911 1 5
7912 1 15
7913 1 10
7914 1 15
7915 1 15
7916 1 4
7917 1 5
7918 1 15
7919 1 7
7920 1 10
7921 1 4
7922 1 15
7923 1 4
7924 1 4
7925 1 15
7926 1 7
7927 1 4
7928 1 10
7929 1 7
7930 1 15
7931 1 4
7932 1 5
7933 1 15
7934 1 7
7935 1 15
7936 1 5
7937 1 7
7938 1 10
7939 1 10
7940 1 15
7941 1 10
7942 1 10
7943 1 15
7944 1 4
7945 1 7
7946 1 15
7947 1 7
7948 1 5
7949 1 7
7950 1 5
7951 1 7
7952 1 5
7953 1 5
7954 1 5
7955 1 7
7956 1 5
7957 1 15
7958 1 15
7959 1 15
7960 1 15
7961 1 10
7962 1 4
7963 1 4
7964 1 15
7965 1 7
7966 1 5
7967 1 4
7968 1 7
7969 1 15
7970 1 7
7971 1 5
7972 1 15
7973 1 5
7974 1 4
7975 1 10
7976 1 7
7977 1 15
7978 1 15
7979 1 7
7980 1 4
7981 1 5
7982 1 15
7983 1 10
7984 1 5
7985 1 4
7986 1 15
7987 1 7
7988 1 15
7989 1 5
7990 1 5
7991 1 4
7992 1 7
7993 1 15
7994 1 15
7995 1 10
7996 1 15
7997 1 15
7998 1 4
7999 1 7
8000 1 10
8001 1 15
8002 1 7
8003 1 4
8004 1 7
8005 1 4
8006 1 15
8007 1 4
8008 1 4
8009 1 10
8010 1 5
8011 1 15
8012 1 10
8013 1 15
8014 1 10
8015 1 10
8016 1 15
8017 1 7
8018 1 10
8019 1 10
8020 1 5
8021 1 5
8022 1 10
8023 1 5
8024 1 15
8025 1 4
8026 1 10
8027 1 7
8028 1 15
8029 1 4
8030 1 15
8031 1 15
8032 1 10
8033 1 4
8034 1 4
8035 1 4
8036 1 10
8037 1 15
8038 1 5
8039 1 15
8040 1 7
8041 1 15
8042 1 4
8043 1 4
8044 1 10
8045 1 15
8046 1 10
8047 1 5
8048 1 4
8049 1 5
8050 1 10
8051 1 4
8052 1 4
8053 1 5
8054 1 5
8055 1 10
8056 1 4
8057 1 4
8058 1 7
8059 1 7
8060 1 15
8061 1 10
8062 1 15
8063 1 4
8064 1 10
8065 1 7
8066 1 5
8067 1 5
8068 1 5
8069 1 15
8070 1 10
8071 1 15
8072 1 5
8073 1 4
8074 1 7
8075 1 10
8076 1 10
8077 1 5
8078 1 10
8079 1 15
8080 1 4
8081 1 5
8082 1 10
8083 1 5
8084 1 10
8085 1 4
8086 1 5
8087 1 7
8088 1 4
8089 1 4
8090 1 15
8091 1 7
8092 1 5
8093 1 4
8094 1 15
8095 1 7
8096 1 15
8097 1 7
8098 1 7
8099 1 5
8100 1 4
8101 1 7
8102 1 15
8103 1 5
8104 1 7
8105 1 10
8106 1 10
8107 1 7
8108 1 7
8109 1 4
8110 1 10
8111 1 4
8112 1 10
8113 1 7
8114 1 5
8115 1 4
8116 1 7
8117 1 4
8118 1 5
8119 1 4
8120 1 4
8121 1 5
8122 1 4
8123 1 10
8124 1 7
8125 1 4
8126 1 5
8127 1 15
8128 1 4
8129 1 4
8130 1 5
8131 1 7
8132 1 4
8133 1 15
8134 1 4
8135 1 10
8136 1 4
8137 1 10
8138 1 4
8139 1 7
8140 1 15
8141 1 4
8142 1 10
8143 1 10
8144 1 10
8145 1 5
8146 1 5
8147 1 7
8148 1 5
8149 1 10
8150 1 5
8151 1 4
8152 1 4
8153 1 15
8154 1 15
8155 1 4
8156 1 10
8157 1 5
8158 1 7
8159 1 10
8160 1 5
8161 1 5
8162 1 5
8163 1 15
8164 1 4
8165 1 4
8166 1 7
8167 1 4
8168 1 4
8169 1 10
8170 1 4
8171 1 4
8172 1 5
8173 1 4
8174 1 10
8175 1 7
8176 1 10
8177 1 15
8178 1 5
8179 1 4
8180 1 4
8181 1 7
8182 1 4
8183 1 7
8184 1 5
8185 1 7
8186 1 15
8187 1 15
8188 1 5
8189 1 4
8190 1 15
8191 1 7
8192 1 7
8193 1 5
8194 1 7
8195 1 4
8196 1 4
8197 1 4
8198 1 7
8199 1 15
8200 1 15
8201 1 15
8202 1 10
8203 1 4
8204 1 5
8205 1 4
8206 1 5
8207 1 5
8208 1 4
8209 1 10
8210 1 4
8211 1 10
8212 1 10
8213 1 15
8214 1 15
8215 1 7
8216 1 10
8217 1 10
8218 1 15
8219 1 4
8220 1 10
8221 1 4
8222 1 7
8223 1 10
8224 1 10
8225 1 7
8226 1 15
8227 1 5
8228 1 10
8229 1 10
8230 1 10
8231 1 5
8232 1 7
8233 1 15
8234 1 7
8235 1 5
8236 1 4
8237 1 4
8238 1 15
8239 1 10
8240 1 4
8241 1 15
8242 1 15
8243 1 7
8244 1 15
8245 1 5
8246 1 4
8247 1 7
8248 1 7
8249 1 15
8250 1 10
8251 1 4
8252 1 4
8253 1 15
8254 1 10
8255 1 5
8256 1 10
8257 1 4
8258 1 15
8259 1 4
8260 1 4
8261 1 5
8262 1 7
8263 1 15
8264 1 5
8265 1 7
8266 1 10
8267 1 5
8268 1 15
8269 1 4
8270 1 4
8271 1 5
8272 1 15
8273 1 10
8274 1 5
8275 1 10
8276 1 7
8277 1 4
8278 1 15
8279 1 7
8280 1 15
8281 1 7
8282 1 7
8283 1 7
8284 1 4
8285 1 4
8286 1 10
8287 1 15
8288 1 5
8289 1 10
8290 1 7
8291 1 4
8292 1 5
8293 1 4
8294 1 15
8295 1 15
8296 1 15
8297 1 4
8298 1 15
8299 1 7
8300 1 10
8301 1 5
8302 1 15
8303 1 5
8304 1 15
8305 1 10
8306 1 4
8307 1 5
8308 1 15
8309 1 10
8310 1 7
8311 1 5
8312 1 10
8313 1 10
8314 1 10
8315 1 5
8316 1 4
8317 1 5
8318 1 5
8319 1 15
8320 1 15
8321 1 4
8322 1 5
8323 1 15
8324 1 7
8325 1 10
8326 1 15
8327 1 5
8328 1 7
8329 1 15
8330 1 4
8331 1 15
8332 1 10
8333 1 4
8334 1 15
8335 1 15
8336 1 7
8337 1 7
8338 1 10
8339 1 4
8340 1 10
8341 1 15
8342 1 7
8343 1 7
8344 1 5
8345 1 7
8346 1 10
8347 1 15
8348 1 5
8349 1 5
8350 1 15
8351 1 10
8352 1 4
8353 1 4
8354 1 7
8355 1 4
8356 1 4
8357 1 7
8358 1 10
8359 1 5
8360 1 4
8361 1 10
8362 1 7
8363 1 4
8364 1 15
8365 1 5
8366 1 15
8367 1 4
8368 1 5
8369 1 4
8370 1 5
8371 1 10
8372 1 15
8373 1 4
8374 1 7
8375 1 7
8376 1 7
8377 1 15
8378 1 4
8379 1 5
8380 1 7
8381 1 7
8382 1 7
8383 1 5
8384 1 5
8385 1 10
8386 1 7
8387 1 15
8388 1 4
8389 1 5
8390 1 15
8391 1 5
8392 1 5
8393 1 15
8394 1 10
8395 1 15
8396 1 10
8397 1 5
8398 1 5
8399 1 10
8400 1 5
8401 1 4
8402 1 15
8403 1 10
8404 1 15
8405 1 7
8406 1 15
8407 1 4
8408 1 7
8409 1 4
8410 1 15
8411 1 15
8412 1 10
8413 1 5
8414 1 10
8415 1 7
8416 1 7
8417 1 4
8418 1 10
8419 1 10
8420 1 15
8421 1 4
8422 1 15
8423 1 4
8424 1 5
8425 1 15
8426 1 10
8427 1 7
8428 1 15
8429 1 7
8430 1 5
8431 1 7
8432 1 4
8433 1 4
8434 1 7
8435 1 4
8436 1 10
8437 1 15
8438 1 7
8439 1 7
8440 1 7
8441 1 5
8442 1 7
8443 1 15
8444 1 15
8445 1 15
8446 1 15
8447 1 4
8448 1 4
8449 1 5
8450 1 15
8451 1 10
8452 1 15
8453 1 4
8454 1 5
8455 1 15
8456 1 7
8457 1 15
8458 1 10
8459 1 7
8460 1 15
8461 1 5
8462 1 10
8463 1 5
8464 1 4
8465 1 7
8466 1 5
8467 1 7
8468 1 10
8469 1 7
8470 1 4
8471 1 10
8472 1 15
8473 1 4
8474 1 7
8475 1 5
8476 1 5
8477 1 5
8478 1 4
8479 1 4
8480 1 7
8481 1 15
8482 1 10
8483 1 4
8484 1 7
8485 1 15
8486 1 15
8487 1 7
8488 1 5
8489 1 5
8490 1 7
8491 1 4
8492 1 5
8493 1 7
8494 1 15
8495 1 10
8496 1 4
8497 1 10
8498 1 7
8499 1 4
8500 1 7
8501 1 7
8502 1 15
8503 1 7
8504 1 7
8505 1 15
8506 1 7
8507 1 5
8508 1 10
8509 1 10
8510 1 7
8511 1 4
8512 1 7
8513 1 5
8514 1 5
8515 1 10
8516 1 4
8517 1 4
8518 1 10
8519 1 7
8520 1 15
8521 1 15
8522 1 15
8523 1 4
8524 1 5
8525 1 10
8526 1 10
8527 1 15
8528 1 5
8529 1 15
8530 1 10
8531 1 4
8532 1 15
8533 1 10
8534 1 7
8535 1 7
8536 1 5
8537 1 5
8538 1 7
8539 1 15
8540 1 10
8541 1 7
8542 1 10
8543 1 5
8544 1 10
8545 1 4
8546 1 7
8547 1 4
8548 1 7
8549 1 4
8550 1 4
8551 1 4
8552 1 7
8553 1 15
8554 1 7
8555 1 15
8556 1 7
8557 1 10
8558 1 5
8559 1 15
8560 1 7
8561 1 4
8562 1 15
8563 1 4
8564 1 10
8565 1 15
8566 1 4
8567 1 4
8568 1 7
8569 1 15
8570 1 4
8571 1 5
8572 1 10
8573 1 10
8574 1 15
8575 1 10
8576 1 15
8577 1 7
8578 1 4
8579 1 15
8580 1 7
8581 1 15
8582 1 15
8583 1 15
8584 1 15
8585 1 5
8586 1 4
8587 1 5
8588 1 15
8589 1 10
8590 1 5
8591 1 4
8592 1 15
8593 1 4
8594 1 7
8595 1 10
8596 1 5
8597 1 15
8598 1 4
8599 1 5
8600 1 15
8601 1 7
8602 1 10
8603 1 15
8604 1 5
8605 1 4
8606 1 5
8607 1 4
8608 1 4
8609 1 4
8610 1 10
8611 1 10
8612 1 15
8613 1 4
8614 1 15
8615 1 15
8616 1 5
8617 1 7
8618 1 4
8619 1 4
8620 1 7
8621 1 4
8622 1 10
8623 1 5
8624 1 7
8625 1 5
8626 1 7
8627 1 7
8628 1 15
8629 1 5
8630 1 7
8631 1 7
8632 1 10
8633 1 15
8634 1 10
8635 1 5
8636 1 5
8637 1 10
8638 1 15
8639 1 5
8640 1 7
8641 1 7
8642 1 5
8643 1 7
8644 1 7
8645 1 7
8646 1 7
8647 1 4
8648 1 15
8649 1 7
8650 1 15
8651 1 10
8652 1 10
8653 1 7
8654 1 7
8655 1 15
8656 1 15
8657 1 7
8658 1 15
8659 1 15
8660 1 10
8661 1 5
8662 1 10
8663 1 10
8664 1 7
8665 1 10
8666 1 7
8667 1 15
8668 1 15
8669 1 10
8670 1 10
8671 1 15
8672 1 7
8673 1 7
8674 1 10
8675 1 10
8676 1 7
8677 1 10
8678 1 15
8679 1 15
8680 1 5
8681 1 4
8682 1 15
8683 1 4
8684 1 5
8685 1 10
8686 1 4
8687 1 4
8688 1 10
8689 1 4
8690 1 5
8691 1 10
8692 1 7
8693 1 5
8694 1 4
8695 1 5
8696 1 15
8697 1 15
8698 1 10
8699 1 4
8700 1 10
8701 1 5
8702 1 10
8703 1 15
8704 1 10
8705 1 15
8706 1 4
8707 1 5
8708 1 10
8709 1 10
8710 1 4
8711 1 7
8712 1 4
8713 1 7
8714 1 7
8715 1 10
8716 1 15
8717 1 10
8718 1 5
8719 1 4
8720 1 4
8721 1 7
8722 1 4
8723 1 7
8724 1 10
8725 1 7
8726 1 4
8727 1 15
8728 1 7
8729 1 5
8730 1 5
8731 1 15
8732 1 7
8733 1 10
8734 1 10
8735 1 15
8736 1 5
8737 1 15
8738 1 15
8739 1 15
8740 1 15
8741 1 15
8742 1 7
8743 1 5
8744 1 4
8745 1 5
8746 1 5
8747 1 7
8748 1 10
8749 1 15
8750 1 5
8751 1 4
8752 1 10
8753 1 4
8754 1 15
8755 1 4
8756 1 4
8757 1 5
8758 1 10
8759 1 5
8760 1 10
8761 1 10
8762 1 5
8763 1 15
8764 1 5
8765 1 5
8766 1 7
8767 1 10
8768 1 7
8769 1 15
8770 1 15
8771 1 7
8772 1 15
8773 1 10
8774 1 10
8775 1 4
8776 1 10
8777 1 10
8778 1 10
8779 1 10
8780 1 5
8781 1 7
8782 1 10
8783 1 4
8784 1 4
8785 1 7
8786 1 5
8787 1 7
8788 1 15
8789 1 4
8790 1 10
8791 1 5
8792 1 7
8793 1 10
8794 1 15
8795 1 7
8796 1 5
8797 1 5
8798 1 5
8799 1 15
8800 1 15
8801 1 10
8802 1 15
8803 1 5
8804 1 15
8805 1 7
8806 1 10
8807 1 10
8808 1 10
8809 1 15
8810 1 7
8811 1 7
8812 1 15
8813 1 10
8814 1 7
8815 1 4
8816 1 15
8817 1 4
8818 1 10
8819 1 4
8820 1 5
8821 1 5
8822 1 15
8823 1 7
8824 1 4
8825 1 4
8826 1 4
8827 1 10
8828 1 4
8829 1 4
8830 1 7
8831 1 4
8832 1 10
8833 1 15
8834 1 4
8835 1 10
8836 1 15
8837 1 5
8838 1 5
8839 1 15
8840 1 15
8841 1 4
8842 1 10
8843 1 5
8844 1 7
8845 1 15
8846 1 5
8847 1 5
8848 1 15
8849 1 10
8850 1 15
8851 1 10
8852 1 7
8853 1 15
8854 1 7
8855 1 4
8856 1 10
8857 1 15
8858 1 10
8859 1 10
8860 1 7
8861 1 5
8862 1 5
8863 1 7
8864 1 7
8865 1 7
8866 1 5
8867 1 5
8868 1 15
8869 1 15
8870 1 4
8871 1 5
8872 1 5
8873 1 4
8874 1 5
8875 1 4
8876 1 4
8877 1 4
8878 1 7
8879 1 5
8880 1 7
8881 1 7
8882 1 15
8883 1 15
8884 1 5
8885 1 7
8886 1 5
8887 1 4
8888 1 10
8889 1 4
8890 1 4
8891 1 4
8892 1 4
8893 1 10
8894 1 5
8895 1 7
8896 1 5
8897 1 4
8898 1 7
8899 1 7
8900 1 15
8901 1 4
8902 1 15
8903 1 5
8904 1 7
8905 1 10
8906 1 10
8907 1 5
8908 1 5
8909 1 10
8910 1 15
8911 1 5
8912 1 10
8913 1 10
8914 1 4
8915 1 15
8916 1 15
8917 1 7
8918 1 5
8919 1 10
8920 1 10
8921 1 4
8922 1 15
8923 1 10
8924 1 10
8925 1 7
8926 1 5
8927 1 7
8928 1 7
8929 1 15
8930 1 5
8931 1 5
8932 1 4
8933 1 4
8934 1 15
8935 1 15
8936 1 15
8937 1 15
8938 1 7
8939 1 4
8940 1 10
8941 1 15
8942 1 4
8943 1 10
8944 1 7
8945 1 15
8946 1 15
8947 1 5
8948 1 15
8949 1 10
8950 1 7
8951 1 10
8952 1 5
8953 1 5
8954 1 7
8955 1 15
8956 1 5
8957 1 4
8958 1 4
8959 1 15
8960 1 5
8961 1 5
8962 1 10
8963 1 7
8964 1 15
8965 1 4
8966 1 7
8967 1 7
8968 1 4
8969 1 7
8970 1 4
8971 1 4
8972 1 10
8973 1 7
8974 1 5
8975 1 10
8976 1 15
8977 1 4
8978 1 10
8979 1 4
8980 1 15
8981 1 15
8982 1 4
8983 1 15
8984 1 7
8985 1 15
8986 1 5
8987 1 4
8988 1 5
8989 1 10
8990 1 5
8991 1 4
8992 1 7
8993 1 15
8994 1 7
8995 1 4
8996 1 7
8997 1 5
8998 1 15
8999 1 10
9000 1 5
9001 1 4
9002 1 4
9003 1 15
9004 1 4
9005 1 4
9006 1 7
9007 1 15
9008 1 5
9009 1 7
9010 1 7
9011 1 10
9012 1 10
9013 1 10
9014 1 5
9015 1 5
9016 1 10
9017 1 7
9018 1 10
9019 1 7
9020 1 5
9021 1 15
9022 1 15
9023 1 4
9024 1 7
9025 1 15
9026 1 10
9027 1 4
9028 1 7
9029 1 10
9030 1 15
9031 1 10
9032 1 5
9033 1 10
9034 1 10
9035 1 5
9036 1 15
9037 1 5
9038 1 4
9039 1 5
9040 1 10
9041 1 4
9042 1 10
9043 1 10
9044 1 5
9045 1 15
9046 1 5
9047 1 4
9048 1 10
9049 1 7
9050 1 4
9051 1 15
9052 1 15
9053 1 5
9054 1 7
9055 1 5
9056 1 15
9057 1 5
9058 1 5
9059 1 4
9060 1 4
9061 1 4
9062 1 10
9063 1 5
9064 1 10
9065 1 4
9066 1 7
9067 1 4
9068 1 4
9069 1 10
9070 1 7
9071 1 15
9072 1 7
9073 1 15
9074 1 4
9075 1 10
9076 1 15
9077 1 7
9078 1 5
9079 1 15
9080 1 15
9081 1 15
9082 1 4
9083 1 4
9084 1 4
9085 1 7
9086 1 7
9087 1 7
9088 1 7
9089 1 7
9090 1 10
9091 1 5
9092 1 15
9093 1 15
9094 1 10
9095 1 4
9096 1 15
9097 1 15
9098 1 4
9099 1 7
9100 1 4
9101 1 7
9102 1 7
9103 1 15
9104 1 5
9105 1 10
9106 1 15
9107 1 15
9108 1 15
9109 1 7
9110 1 7
9111 1 5
9112 1 5
9113 1 10
9114 1 15
9115 1 5
9116 1 5
9117 1 10
9118 1 5
9119 1 15
9120 1 7
9121 1 5
9122 1 4
9123 1 5
9124 1 10
9125 1 4
9126 1 4
9127 1 5
9128 1 7
9129 1 5
9130 1 10
9131 1 5
9132 1 7
9133 1 10
9134 1 10
9135 1 5
9136 1 7
9137 1 7
9138 1 5
9139 1 7
9140 1 7
9141 1 15
9142 1 4
9143 1 7
9144 1 5
9145 1 10
9146 1 5
9147 1 5
9148 1 10
9149 1 4
9150 1 10
9151 1 4
9152 1 4
9153 1 15
9154 1 5
9155 1 15
9156 1 7
9157 1 5
9158 1 5
9159 1 5
9160 1 4
9161 1 15
9162 1 4
9163 1 5
9164 1 7
9165 1 4
9166 1 5
9167 1 7
9168 1 10
9169 1 7
9170 1 4
9171 1 15
9172 1 10
9173 1 4
9174 1 10
9175 1 7
9176 1 5
9177 1 10
9178 1 10
9179 1 5
9180 1 10
9181 1 15
9182 1 5
9183 1 7
9184 1 10
9185 1 5
9186 1 5
9187 1 15
9188 1 10
9189 1 5
9190 1 7
9191 1 5
9192 1 5
9193 1 4
9194 1 7
9195 1 4
9196 1 10
9197 1 7
9198 1 4
9199 1 7
9200 1 15
9201 1 4
9202 1 4
9203 1 10
9204 1 10
9205 1 5
9206 1 4
9207 1 4
9208 1 10
9209 1 5
9210 1 4
9211 1 10
9212 1 4
9213 1 10
9214 1 10
9215 1 7
9216 1 15
9217 1 4
9218 1 10
9219 1 4
9220 1 10
9221 1 15
9222 1 15
9223 1 4
9224 1 15
9225 1 10
9226 1 5
9227 1 5
9228 1 7
9229 1 15
9230 1 4
9231 1 4
9232 1 4
9233 1 10
9234 1 5
9235 1 5
9236 1 15
9237 1 7
9238 1 10
9239 1 10
9240 1 5
9241 1 5
9242 1 15
9243 1 7
9244 1 10
9245 1 7
9246 1 4
9247 1 10
9248 1 4
9249 1 15
9250 1 10
9251 1 5
9252 1 4
9253 1 5
9254 1 7
9255 1 7
9256 1 7
9257 1 4
9258 1 5
9259 1 7
9260 1 10
9261 1 10
9262 1 10
9263 1 4
9264 1 15
9265 1 4
9266 1 7
9267 1 5
9268 1 15
9269 1 10
9270 1 4
9271 1 5
9272 1 4
9273 1 10
9274 1 5
9275 1 15
9276 1 10
9277 1 4
9278 1 7
9279 1 10
9280 1 4
9281 1 5
9282 1 10
9283 1 10
9284 1 10
9285 1 7
9286 1 15
9287 1 7
9288 1 10
9289 1 4
9290 1 5
9291 1 15
9292 1 15
9293 1 7
9294 1 7
9295 1 5
9296 1 15
9297 1 15
9298 1 10
9299 1 15
9300 1 15
9301 1 5
9302 1 10
9303 1 7
9304 1 5
9305 1 4
9306 1 10
9307 1 15
9308 1 5
9309 1 4
9310 1 10
9311 1 7
9312 1 10
9313 1 15
9314 1 15
9315 1 15
9316 1 10
9317 1 4
9318 1 7
9319 1 7
9320 1 4
9321 1 10
9322 1 15
9323 1 7
9324 1 5
9325 1 7
9326 1 4
9327 1 4
9328 1 15
9329 1 4
9330 1 15
9331 1 5
9332 1 5
9333 1 4
9334 1 10
9335 1 15
9336 1 5
9337 1 4
9338 1 15
9339 1 10
9340 1 15
9341 1 7
9342 1 5
9343 1 4
9344 1 15
9345 1 10
9346 1 4
9347 1 10
9348 1 15
9349 1 15
9350 1 15
9351 1 5
9352 1 5
9353 1 5
9354 1 10
9355 1 15
9356 1 4
9357 1 15
9358 1 7
9359 1 10
9360 1 5
9361 1 7
9362 1 7
9363 1 5
9364 1 4
9365 1 10
9366 1 7
9367 1 15
9368 1 10
9369 1 10
9370 1 10
9371 1 15
9372 1 10
9373 1 4
9374 1 15
9375 1 4
9376 1 15
9377 1 15
9378 1 4
9379 1 15
9380 1 7
9381 1 15
9382 1 4
9383 1 10
9384 1 5
9385 1 10
9386 1 10
9387 1 7
9388 1 4
9389 1 5
9390 1 15
9391 1 5
9392 1 15
9393 1 15
9394 1 10
9395 1 10
9396 1 5
9397 1 15
9398 1 4
9399 1 15
9400 1 15
9401 1 4
9402 1 5
9403 1 4
9404 1 7
9405 1 7
9406 1 10
9407 1 5
9408 1 4
9409 1 15
9410 1 7
9411 1 15
9412 1 4
9413 1 4
9414 1 15
9415 1 4
9416 1 4
9417 1 7
9418 1 10
9419 1 10
9420 1 5
9421 1 10
9422 1 5
9423 1 7
9424 1 7
9425 1 15
9426 1 7
9427 1 4
9428 1 10
9429 1 10
9430 1 5
9431 1 7
9432 1 10
9433 1 10
9434 1 7
9435 1 7
9436 1 5
9437 1 4
9438 1 5
9439 1 10
9440 1 5
9441 1 4
9442 1 5
9443 1 15
9444 1 15
9445 1 4
9446 1 5
9447 1 10
9448 1 10
9449 1 4
9450 1 10
9451 1 4
9452 1 5
9453 1 5
9454 1 15
9455 1 10
9456 1 7
9457 1 5
9458 1 4
9459 1 5
9460 1 5
9461 1 4
9462 1 7
9463 1 4
9464 1 4
9465 1 7
9466 1 4
9467 1 4
9468 1 5
9469 1 5
9470 1 5
9471 1 7
9472 1 15
9473 1 5
9474 1 15
9475 1 7
9476 1 5
9477 1 7
9478 1 4
9479 1 7
9480 1 15
9481 1 4
9482 1 7
9483 1 10
9484 1 7
9485 1 15
9486 1 10
9487 1 5
9488 1 10
9489 1 5
9490 1 15
9491 1 4
9492 1 4
9493 1 4
9494 1 10
9495 1 4
9496 1 5
9497 1 4
9498 1 5
9499 1 7
9500 1 5
9501 1 15
9502 1 10
9503 1 5
9504 1 7
9505 1 15
9506 1 5
9507 1 4
9508 1 7
9509 1 4
9510 1 15
9511 1 15
9512 1 7
9513 1 15
9514 1 15
9515 1 15
9516 1 4
9517 1 15
9518 1 4
9519 1 10
9520 1 15
9521 1 5
9522 1 4
9523 1 5
9524 1 15
9525 1 7
9526 1 7
9527 1 15
9528 1 4
9529 1 10
9530 1 10
9531 1 10
9532 1 10
9533 1 4
9534 1 4
9535 1 7
9536 1 10
9537 1 5
9538 1 15
9539 1 4
9540 1 4
9541 1 4
9542 1 7
9543 1 4
9544 1 4
9545 1 7
9546 1 15
9547 1 15
9548 1 5
9549 1 15
9550 1 15
9551 1 15
9552 1 15
9553 1 15
9554 1 4
9555 1 15
9556 1 4
9557 1 5
9558 1 4
9559 1 15
9560 1 15
9561 1 7
9562 1 5
9563 1 4
9564 1 15
9565 1 4
9566 1 10
9567 1 4
9568 1 15
9569 1 10
9570 1 15
9571 1 4
9572 1 10
9573 1 5
9574 1 10
9575 1 10
9576 1 5
9577 1 7
9578 1 7
9579 1 10
9580 1 7
9581 1 10
9582 1 10
9583 1 15
9584 1 15
9585 1 15
9586 1 7
9587 1 10
9588 1 4
9589 1 7
9590 1 15
9591 1 15
9592 1 15
9593 1 5
9594 1 7
9595 1 7
9596 1 7
9597 1 5
9598 1 7
9599 1 10
9600 1 10
9601 1 4
9602 1 4
9603 1 7
9604 1 15
9605 1 4
9606 1 10
9607 1 4
9608 1 7
9609 1 7
9610 1 7
9611 1 5
9612 1 4
9613 1 10
9614 1 7
9615 1 7
9616 1 5
9617 1 7
9618 1 7
9619 1 15
9620 1 4
9621 1 10
9622 1 7
9623 1 4
9624 1 5
9625 1 7
9626 1 10
9627 1 4
9628 1 10
9629 1 5
9630 1 4
9631 1 4
9632 1 4
9633 1 10
9634 1 7
9635 1 7
9636 1 15
9637 1 10
9638 1 10
9639 1 15
9640 1 15
9641 1 10
9642 1 5
9643 1 4
9644 1 4
9645 1 7
9646 1 7
9647 1 7
9648 1 15
9649 1 10
9650 1 7
9651 1 4
9652 1 5
9653 1 15
9654 1 5
9655 1 15
9656 1 5
9657 1 15
9658 1 10
9659 1 7
9660 1 5
9661 1 10
9662 1 15
9663 1 15
9664 1 4
9665 1 4
9666 1 10
9667 1 10
9668 1 10
9669 1 15
9670 1 7
9671 1 7
9672 1 15
9673 1 7
9674 1 7
9675 1 15
9676 1 7
9677 1 10
9678 1 15
9679 1 15
9680 1 15
9681 1 15
9682 1 10
9683 1 7
9684 1 5
9685 1 10
9686 1 4
9687 1 10
9688 1 15
9689 1 7
9690 1 10
9691 1 7
9692 1 7
9693 1 7
9694 1 10
9695 1 4
9696 1 5
9697 1 15
9698 1 4
9699 1 7
9700 1 5
9701 1 4
9702 1 10
9703 1 10
9704 1 7
9705 1 15
9706 1 4
9707 1 5
9708 1 10
9709 1 4
9710 1 5
9711 1 4
9712 1 4
9713 1 5
9714 1 10
9715 1 5
9716 1 7
9717 1 4
9718 1 7
9719 1 7
9720 1 7
9721 1 7
9722 1 4
9723 1 15
9724 1 7
9725 1 15
9726 1 4
9727 1 7
9728 1 10
9729 1 15
9730 1 10
9731 1 10
9732 1 15
9733 1 10
9734 1 15
9735 1 7
9736 1 15
9737 1 15
9738 1 10
9739 1 5
9740 1 4
9741 1 5
9742 1 5
9743 1 4
9744 1 4
9745 1 15
9746 1 15
9747 1 15
9748 1 10
9749 1 4
9750 1 5
9751 1 15
9752 1 5
9753 1 7
9754 1 5
9755 1 7
9756 1 15
9757 1 7
9758 1 4
9759 1 15
9760 1 4
9761 1 5
9762 1 4
9763 1 5
9764 1 4
9765 1 10
9766 1 4
9767 1 10
9768 1 5
9769 1 5
9770 1 15
9771 1 15
9772 1 10
9773 1 15
9774 1 4
9775 1 10
9776 1 7
9777 1 7
9778 1 7
9779 1 15
9780 1 10
9781 1 5
9782 1 7
9783 1 5
9784 1 4
9785 1 4
9786 1 15
9787 1 5
9788 1 7
9789 1 4
9790 1 15
9791 1 5
9792 1 4
9793 1 15
9794 1 4
9795 1 15
9796 1 10
9797 1 4
9798 1 15
9799 1 4
9800 1 10
9801 1 7
9802 1 15
9803 1 5
9804 1 4
9805 1 7
9806 1 15
9807 1 10
9808 1 5
9809 1 10
9810 1 7
9811 1 5
9812 1 7
9813 1 4
9814 1 15
9815 1 7
9816 1 4
9817 1 7
9818 1 5
9819 1 5
9820 1 7
9821 1 10
9822 1 15
9823 1 7
9824 1 7
9825 1 15
9826 1 7
9827 1 5
9828 1 7
9829 1 7
9830 1 15
9831 1 10
9832 1 5
9833 1 7
9834 1 10
9835 1 4
9836 1 15
9837 1 5
9838 1 4
9839 1 7
9840 1 4
9841 1 7
9842 1 10
9843 1 7
9844 1 15
9845 1 4
9846 1 15
9847 1 4
9848 1 15
9849 1 5
9850 1 5
9851 1 15
9852 1 4
9853 1 7
9854 1 5
9855 1 7
9856 1 15
9857 1 5
9858 1 4
9859 1 10
9860 1 15
9861 1 10
9862 1 4
9863 1 4
9864 1 7
9865 1 5
9866 1 10
9867 1 10
9868 1 4
9869 1 7
9870 1 15
9871 1 10
9872 1 15
9873 1 4
9874 1 4
9875 1 5
9876 1 4
9877 1 4
9878 1 10
9879 1 10
9880 1 4
9881 1 15
9882 1 4
9883 1 15
9884 1 7
9885 1 10
9886 1 4
9887 1 4
9888 1 5
9889 1 7
9890 1 10
9891 1 7
9892 1 5
9893 1 4
9894 1 5
9895 1 5
9896 1 7
9897 1 4
9898 1 4
9899 1 4
9900 1 10
9901 1 7
9902 1 7
9903 1 15
9904 1 15
9905 1 15
9906 1 10
9907 1 10
9908 1 10
9909 1 4
9910 1 5
9911 1 4
9912 1 15
9913 1 7
9914 1 4
9915 1 10
9916 1 10
9917 1 4
9918 1 15
9919 1 7
9920 1 4
9921 1 4
9922 1 7
9923 1 15
9924 1 15
9925 1 4
9926 1 5
9927 1 7
9928 1 4
9929 1 7
9930 1 5
9931 1 4
9932 1 5
9933 1 15
9934 1 15
9935 1 15
9936 1 4
9937 1 10
9938 1 7
9939 1 7
9940 1 7
9941 1 4
9942 1 4
9943 1 4
9944 1 5
9945 1 15
9946 1 15
9947 1 4
9948 1 7
9949 1 10
9950 1 10
9951 1 10
9952 1 5
9953 1 4
9954 1 15
9955 1 7
9956 1 15
9957 1 5
9958 1 7
9959 1 5
9960 1 4
9961 1 5
9962 1 10
9963 1 15
9964 1 4
9965 1 4
9966 1 7
9967 1 10
9968 1 15
9969 1 15
9970 1 5
9971 1 15
9972 1 4
9973 1 5
9974 1 4
9975 1 4
9976 1 7
9977 1 4
9978 1 4
9979 1 5
9980 1 4
9981 1 15
9982 1 7
9983 1 4
9984 1 10
9985 1 5
9986 1 7
9987 1 10
9988 1 5
9989 1 15
9990 1 7
9991 1 10
9992 1 10
9993 1 10
9994 1 5
9995 1 4
9996 1 7
9997 1 15
9998 1 10
9999 1 7
10000 1 7
fin9999