1 1 1
2 1 3
3 1 1
4 1 2
5 1 3
6 1 3
7 1 2
8 1 3
9 1 2
10 1 2
11 1 3
12 1 2
13 1 3
14 1 1
15 1 3
16 1 3
17 1 2
18 1 3
19 1 2
20 1 1
21 1 2
22 1 2
23 1 3
24 1 3
25 1 2
26 1 1
27 1 3
28 1 2
29 1 3
30 1 3
31 1 2
32 1 1
33 1 3
34 1 3
35 1 2
36 1 1
37 1 3
38 1 1
39 1 1
40 1 3
41 1 1
42 1 3
43 1 3
44 1 2
45 1 1
46 1 3
47 1 1
48 1 3
49 1 3
50 1 1
51 1 3
52 1 1
53 1 3
54 1 3
55 1 3
56 1 3
57 1 1
58 1 2
59 1 3
60 1 3
61 1 3
62 1 2
63 1 2
64 1 2
65 1 2
66 1 2
67 1 3
68 1 3
69 1 1
70 1 3
71 1 2
72 1 3
73 1 3
74 1 1
75 1 2
76 1 3
77 1 3
78 1 2
79 1 2
80 1 3
81 1 2
82 1 2
83 1 3
84 1 3
85 1 2
86 1 3
87 1 3
88 1 3
89 1 3
90 1 3
91 1 3
92 1 3
93 1 3
94 1 3
95 1 3
96 1 3
97 1 2
98 1 2
99 1 3
100 1 3
101 1 2
102 1 3
103 1 1
104 1 3
105 1 3
106 1 2
107 1 3
108 1 1
109 1 2
110 1 3
111 1 2
112 1 3
113 1 3
114 1 2
115 1 1
116 1 2
117 1 3
118 1 3
119 1 2
120 1 2
121 1 3
122 1 1
123 1 1
124 1 3
125 1 1
126 1 2
127 1 2
128 1 2
129 1 3
130 1 3
131 1 1
132 1 2
133 1 3
134 1 3
135 1 1
136 1 1
137 1 3
138 1 2
139 1 3
140 1 1
141 1 3
142 1 2
143 1 3
144 1 3
145 1 3
146 1 3
147 1 2
148 1 2
149 1 2
150 1 2
151 1 2
152 1 1
153 1 1
154 1 3
155 1 2
156 1 3
157 1 1
158 1 3
159 1 3
160 1 2
161 1 2
162 1 3
163 1 2
164 1 2
165 1 2
166 1 2
167 1 2
168 1 2
169 1 3
170 1 1
171 1 3
172 1 3
173 1 2
174 1 2
175 1 3
176 1 3
177 1 2
178 1 2
179 1 2
180 1 3
181 1 3
182 1 3
183 1 2
184 1 1
185 1 2
186 1 1
187 1 3
188 1 2
189 1 2
190 1 2
191 1 1
192 1 2
193 1 3
194 1 2
195 1 1
196 1 3
197 1 3
198 1 2
199 1 2
200 1 3
201 1 1
202 1 3
203 1 3
204 1 3
205 1 3
206 1 2
207 1 2
208 1 3
209 1 3
210 1 3
211 1 3
212 1 1
213 1 3
214 1 2
215 1 1
216 1 3
217 1 3
218 1 2
219 1 3
220 1 2
221 1 1
222 1 1
223 1 2
224 1 1
225 1 2
226 1 3
227 1 1
228 1 3
229 1 3
230 1 2
231 1 3
232 1 1
233 1 3
234 1 3
235 1 3
236 1 2
237 1 2
238 1 3
239 1 2
240 1 3
241 1 2
242 1 3
243 1 1
244 1 3
245 1 2
246 1 1
247 1 3
248 1 3
249 1 2
250 1 2
251 1 3
252 1 1
253 1 2
254 1 2
255 1 2
256 1 3
257 1 1
258 1 2
259 1 3
260 1 1
261 1 2
262 1 2
263 1 3
264 1 2
265 1 2
266 1 2
267 1 3
268 1 3
269 1 3
270 1 3
271 1 2
272 1 3
273 1 1
274 1 3
275 1 3
276 1 3
277 1 3
278 1 2
279 1 3
280 1 1
281 1 2
282 1 2
283 1 1
284 1 1
285 1 2
286 1 2
287 1 2
288 1 2
289 1 3
290 1 3
291 1 2
292 1 3
293 1 2
294 1 1
295 1 1
296 1 1
297 1 3
298 1 3
299 1 3
300 1 3
301 1 3
302 1 3
303 1 3
304 1 2
305 1 3
306 1 1
307 1 3
308 1 3
309 1 3
310 1 2
311 1 1
312 1 3
313 1 3
314 1 3
315 1 3
316 1 3
317 1 3
318 1 3
319 1 2
320 1 2
321 1 2
322 1 2
323 1 2
324 1 2
325 1 1
326 1 2
327 1 2
328 1 1
329 1 2
330 1 3
331 1 2
332 1 2
333 1 2
334 1 3
335 1 2
336 1 3
337 1 2
338 1 1
339 1 3
340 1 2
341 1 2
342 1 3
343 1 3
344 1 3
345 1 2
346 1 2
347 1 2
348 1 2
349 1 2
350 1 3
351 1 1
352 1 2
353 1 1
354 1 3
355 1 1
356 1 3
357 1 2
358 1 2
359 1 1
360 1 1
361 1 2
362 1 2
363 1 2
364 1 3
365 1 3
366 1 1
367 1 2
368 1 3
369 1 2
370 1 3
371 1 1
372 1 1
373 1 1
374 1 2
375 1 2
376 1 1
377 1 3
378 1 2
379 1 3
380 1 3
381 1 1
382 1 3
383 1 1
384 1 3
385 1 1
386 1 3
387 1 3
388 1 2
389 1 3
390 1 2
391 1 1
392 1 2
393 1 3
394 1 1
395 1 2
396 1 1
397 1 3
398 1 2
399 1 3
400 1 2
401 1 2
402 1 1
403 1 2
404 1 2
405 1 3
406 1 1
407 1 2
408 1 2
409 1 3
410 1 2
411 1 2
412 1 1
413 1 3
414 1 3
415 1 3
416 1 2
417 1 2
418 1 3
419 1 3
420 1 2
421 1 2
422 1 2
423 1 3
424 1 3
425 1 2
426 1 2
427 1 3
428 1 3
429 1 3
430 1 3
431 1 2
432 1 1
433 1 3
434 1 3
435 1 3
436 1 1
437 1 2
438 1 3
439 1 1
440 1 2
441 1 3
442 1 3
443 1 3
444 1 1
445 1 3
446 1 3
447 1 3
448 1 2
449 1 2
450 1 3
451 1 3
452 1 3
453 1 3
454 1 1
455 1 1
456 1 3
457 1 2
458 1 1
459 1 1
460 1 2
461 1 2
462 1 2
463 1 3
464 1 2
465 1 3
466 1 2
467 1 1
468 1 2
469 1 2
470 1 1
471 1 2
472 1 2
473 1 2
474 1 3
475 1 3
476 1 2
477 1 2
478 1 2
479 1 3
480 1 2
481 1 2
482 1 2
483 1 3
484 1 3
485 1 1
486 1 1
487 1 3
488 1 2
489 1 3
490 1 2
491 1 1
492 1 1
493 1 2
494 1 2
495 1 2
496 1 3
497 1 2
498 1 2
499 1 2
500 1 1
501 1 3
502 1 1
503 1 3
504 1 3
505 1 2
506 1 2
507 1 3
508 1 3
509 1 2
510 1 3
511 1 1
512 1 1
513 1 1
514 1 1
515 1 1
516 1 2
517 1 2
518 1 3
519 1 1
520 1 3
521 1 3
522 1 3
523 1 3
524 1 1
525 1 2
526 1 3
527 1 2
528 1 3
529 1 3
530 1 2
531 1 3
532 1 2
533 1 1
534 1 3
535 1 3
536 1 1
537 1 3
538 1 1
539 1 2
540 1 1
541 1 1
542 1 1
543 1 1
544 1 3
545 1 2
546 1 2
547 1 2
548 1 3
549 1 3
550 1 1
551 1 1
552 1 3
553 1 2
554 1 2
555 1 2
556 1 2
557 1 3
558 1 3
559 1 3
560 1 2
561 1 2
562 1 2
563 1 2
564 1 3
565 1 2
566 1 2
567 1 3
568 1 2
569 1 2
570 1 3
571 1 3
572 1 3
573 1 2
574 1 3
575 1 2
576 1 3
577 1 2
578 1 2
579 1 3
580 1 1
581 1 3
582 1 3
583 1 2
584 1 1
585 1 3
586 1 1
587 1 2
588 1 3
589 1 2
590 1 3
591 1 3
592 1 2
593 1 3
594 1 3
595 1 3
596 1 2
597 1 2
598 1 3
599 1 2
600 1 2
601 1 3
602 1 3
603 1 1
604 1 3
605 1 3
606 1 3
607 1 3
608 1 2
609 1 3
610 1 1
611 1 2
612 1 2
613 1 2
614 1 2
615 1 3
616 1 3
617 1 1
618 1 3
619 1 2
620 1 3
621 1 1
622 1 2
623 1 1
624 1 3
625 1 3
626 1 2
627 1 2
628 1 3
629 1 3
630 1 2
631 1 1
632 1 3
633 1 2
634 1 3
635 1 3
636 1 2
637 1 2
638 1 2
639 1 1
640 1 1
641 1 3
642 1 2
643 1 2
644 1 3
645 1 2
646 1 2
647 1 3
648 1 1
649 1 1
650 1 3
651 1 2
652 1 3
653 1 2
654 1 2
655 1 1
656 1 3
657 1 2
658 1 3
659 1 2
660 1 3
661 1 3
662 1 3
663 1 1
664 1 2
665 1 3
666 1 3
667 1 1
668 1 3
669 1 3
670 1 2
671 1 1
672 1 3
673 1 2
674 1 3
675 1 2
676 1 3
677 1 2
678 1 3
679 1 1
680 1 3
681 1 3
682 1 1
683 1 2
684 1 2
685 1 2
686 1 1
687 1 3
688 1 2
689 1 1
690 1 2
691 1 3
692 1 2
693 1 2
694 1 2
695 1 3
696 1 3
697 1 3
698 1 3
699 1 3
700 1 2
701 1 3
702 1 2
703 1 1
704 1 2
705 1 3
706 1 2
707 1 3
708 1 3
709 1 2
710 1 2
711 1 2
712 1 3
713 1 2
714 1 2
715 1 2
716 1 1
717 1 2
718 1 2
719 1 3
720 1 3
721 1 3
722 1 3
723 1 2
724 1 2
725 1 3
726 1 3
727 1 2
728 1 3
729 1 1
730 1 2
731 1 1
732 1 1
733 1 2
734 1 2
735 1 3
736 1 2
737 1 2
738 1 2
739 1 1
740 1 2
741 1 2
742 1 1
743 1 3
744 1 1
745 1 2
746 1 3
747 1 3
748 1 2
749 1 2
750 1 3
751 1 2
752 1 1
753 1 2
754 1 2
755 1 1
756 1 2
757 1 3
758 1 3
759 1 3
760 1 3
761 1 3
762 1 3
763 1 3
764 1 1
765 1 2
766 1 3
767 1 2
768 1 2
769 1 2
770 1 2
771 1 1
772 1 2
773 1 2
774 1 3
775 1 2
776 1 3
777 1 2
778 1 2
779 1 3
780 1 2
781 1 3
782 1 3
783 1 2
784 1 2
785 1 1
786 1 1
787 1 1
788 1 3
789 1 1
790 1 3
791 1 2
792 1 2
793 1 2
794 1 3
795 1 2
796 1 1
797 1 3
798 1 2
799 1 2
800 1 2
801 1 2
802 1 2
803 1 2
804 1 2
805 1 2
806 1 3
807 1 3
808 1 3
809 1 1
810 1 2
811 1 1
812 1 2
813 1 1
814 1 3
815 1 2
816 1 3
817 1 2
818 1 2
819 1 3
820 1 3
821 1 3
822 1 3
823 1 3
824 1 3
825 1 3
826 1 3
827 1 3
828 1 1
829 1 1
830 1 3
831 1 2
832 1 3
833 1 2
834 1 2
835 1 3
836 1 2
837 1 3
838 1 2
839 1 2
840 1 3
841 1 3
842 1 1
843 1 3
844 1 2
845 1 1
846 1 1
847 1 3
848 1 2
849 1 1
850 1 1
851 1 3
852 1 1
853 1 1
854 1 3
855 1 3
856 1 3
857 1 2
858 1 2
859 1 2
860 1 2
861 1 3
862 1 2
863 1 2
864 1 2
865 1 2
866 1 3
867 1 1
868 1 3
869 1 2
870 1 2
871 1 2
872 1 1
873 1 2
874 1 2
875 1 2
876 1 2
877 1 2
878 1 1
879 1 1
880 1 3
881 1 2
882 1 3
883 1 2
884 1 2
885 1 3
886 1 2
887 1 3
888 1 2
889 1 2
890 1 3
891 1 2
892 1 1
893 1 3
894 1 3
895 1 1
896 1 3
897 1 2
898 1 3
899 1 2
900 1 3
901 1 3
902 1 2
903 1 3
904 1 2
905 1 3
906 1 3
907 1 2
908 1 2
909 1 2
910 1 1
911 1 3
912 1 2
913 1 3
914 1 2
915 1 2
916 1 3
917 1 1
918 1 3
919 1 2
920 1 2
921 1 2
922 1 1
923 1 3
924 1 3
925 1 2
926 1 3
927 1 2
928 1 1
929 1 1
930 1 3
931 1 1
932 1 2
933 1 3
934 1 1
935 1 3
936 1 1
937 1 2
938 1 3
939 1 3
940 1 2
941 1 3
942 1 3
943 1 1
944 1 1
945 1 2
946 1 2
947 1 1
948 1 2
949 1 2
950 1 2
951 1 2
952 1 1
953 1 2
954 1 1
955 1 1
956 1 3
957 1 1
958 1 3
959 1 3
960 1 2
961 1 2
962 1 2
963 1 1
964 1 3
965 1 3
966 1 2
967 1 2
968 1 2
969 1 3
970 1 1
971 1 3
972 1 3
973 1 2
974 1 3
975 1 2
976 1 2
977 1 2
978 1 2
979 1 3
980 1 1
981 1 2
982 1 2
983 1 3
984 1 2
985 1 1
986 1 3
987 1 1
988 1 2
989 1 2
990 1 3
991 1 1
992 1 2
993 1 2
994 1 2
995 1 1
996 1 2
997 1 2
998 1 3
999 1 2
1000 1 2
1001 1 3
1002 1 2
1003 1 2
1004 1 2
1005 1 2
1006 1 2
1007 1 3
1008 1 1
1009 1 3
1010 1 3
1011 1 2
1012 1 2
1013 1 2
1014 1 3
1015 1 3
1016 1 2
1017 1 3
1018 1 2
1019 1 2
1020 1 1
1021 1 2
1022 1 2
1023 1 3
1024 1 3
1025 1 3
1026 1 1
1027 1 2
1028 1 2
1029 1 3
1030 1 1
1031 1 3
1032 1 2
1033 1 1
1034 1 2
1035 1 2
1036 1 1
1037 1 3
1038 1 3
1039 1 3
1040 1 2
1041 1 1
1042 1 2
1043 1 2
1044 1 2
1045 1 1
1046 1 2
1047 1 3
1048 1 3
1049 1 2
1050 1 2
1051 1 2
1052 1 1
1053 1 2
1054 1 3
1055 1 2
1056 1 3
1057 1 2
1058 1 1
1059 1 3
1060 1 3
1061 1 1
1062 1 1
1063 1 3
1064 1 3
1065 1 3
1066 1 3
1067 1 2
1068 1 3
1069 1 2
1070 1 1
1071 1 2
1072 1 3
1073 1 1
1074 1 3
1075 1 2
1076 1 2
1077 1 2
1078 1 2
1079 1 3
1080 1 2
1081 1 3
1082 1 3
1083 1 3
1084 1 1
1085 1 3
1086 1 2
1087 1 3
1088 1 3
1089 1 1
1090 1 2
1091 1 2
1092 1 2
1093 1 2
1094 1 3
1095 1 3
1096 1 2
1097 1 2
1098 1 2
1099 1 3
1100 1 2
1101 1 1
1102 1 2
1103 1 1
1104 1 3
1105 1 1
1106 1 3
1107 1 2
1108 1 2
1109 1 3
1110 1 1
1111 1 3
1112 1 3
1113 1 2
1114 1 2
1115 1 1
1116 1 3
1117 1 3
1118 1 2
1119 1 3
1120 1 3
1121 1 3
1122 1 2
1123 1 3
1124 1 3
1125 1 3
1126 1 3
1127 1 1
1128 1 2
1129 1 3
1130 1 2
1131 1 3
1132 1 2
1133 1 2
1134 1 3
1135 1 3
1136 1 3
1137 1 3
1138 1 1
1139 1 3
1140 1 2
1141 1 3
1142 1 3
1143 1 2
1144 1 2
1145 1 2
1146 1 2
1147 1 2
1148 1 3
1149 1 2
1150 1 2
1151 1 2
1152 1 2
1153 1 2
1154 1 3
1155 1 2
1156 1 3
1157 1 2
1158 1 3
1159 1 3
1160 1 1
1161 1 2
1162 1 3
1163 1 1
1164 1 1
1165 1 3
1166 1 1
1167 1 3
1168 1 2
1169 1 2
1170 1 3
1171 1 2
1172 1 3
1173 1 3
1174 1 3
1175 1 2
1176 1 3
1177 1 3
1178 1 3
1179 1 3
1180 1 2
1181 1 3
1182 1 2
1183 1 3
1184 1 3
1185 1 2
1186 1 3
1187 1 2
1188 1 2
1189 1 2
1190 1 2
1191 1 3
1192 1 3
1193 1 3
1194 1 1
1195 1 2
1196 1 3
1197 1 2
1198 1 3
1199 1 2
1200 1 2
1201 1 1
1202 1 3
1203 1 3
1204 1 2
1205 1 1
1206 1 2
1207 1 3
1208 1 2
1209 1 3
1210 1 3
1211 1 2
1212 1 3
1213 1 3
1214 1 1
1215 1 3
1216 1 2
1217 1 3
1218 1 3
1219 1 3
1220 1 2
1221 1 2
1222 1 2
1223 1 2
1224 1 2
1225 1 3
1226 1 3
1227 1 2
1228 1 2
1229 1 3
1230 1 1
1231 1 3
1232 1 3
1233 1 1
1234 1 2
1235 1 3
1236 1 1
1237 1 3
1238 1 1
1239 1 2
1240 1 3
1241 1 2
1242 1 3
1243 1 1
1244 1 2
1245 1 3
1246 1 3
1247 1 2
1248 1 3
1249 1 2
1250 1 1
1251 1 2
1252 1 2
1253 1 3
1254 1 2
1255 1 2
1256 1 3
1257 1 2
1258 1 1
1259 1 3
1260 1 2
1261 1 2
1262 1 3
1263 1 1
1264 1 2
1265 1 3
1266 1 3
1267 1 2
1268 1 3
1269 1 2
1270 1 1
1271 1 2
1272 1 2
1273 1 2
1274 1 2
1275 1 1
1276 1 3
1277 1 3
1278 1 1
1279 1 2
1280 1 2
1281 1 3
1282 1 2
1283 1 3
1284 1 3
1285 1 1
1286 1 3
1287 1 3
1288 1 2
1289 1 3
1290 1 3
1291 1 1
1292 1 2
1293 1 3
1294 1 2
1295 1 3
1296 1 3
1297 1 3
1298 1 2
1299 1 1
1300 1 1
1301 1 2
1302 1 1
1303 1 3
1304 1 1
1305 1 3
1306 1 2
1307 1 3
1308 1 3
1309 1 3
1310 1 3
1311 1 2
1312 1 2
1313 1 1
1314 1 2
1315 1 1
1316 1 2
1317 1 3
1318 1 1
1319 1 1
1320 1 3
1321 1 2
1322 1 3
1323 1 3
1324 1 3
1325 1 2
1326 1 2
1327 1 3
1328 1 3
1329 1 2
1330 1 3
1331 1 3
1332 1 2
1333 1 3
1334 1 3
1335 1 3
1336 1 2
1337 1 2
1338 1 2
1339 1 1
1340 1 2
1341 1 3
1342 1 3
1343 1 2
1344 1 3
1345 1 1
1346 1 3
1347 1 1
1348 1 3
1349 1 2
1350 1 3
1351 1 2
1352 1 2
1353 1 2
1354 1 2
1355 1 3
1356 1 1
1357 1 3
1358 1 3
1359 1 3
1360 1 1
1361 1 3
1362 1 1
1363 1 2
1364 1 2
1365 1 2
1366 1 3
1367 1 1
1368 1 3
1369 1 1
1370 1 2
1371 1 2
1372 1 3
1373 1 1
1374 1 2
1375 1 1
1376 1 3
1377 1 3
1378 1 1
1379 1 1
1380 1 3
1381 1 3
1382 1 3
1383 1 3
1384 1 2
1385 1 2
1386 1 3
1387 1 2
1388 1 2
1389 1 2
1390 1 3
1391 1 2
1392 1 2
1393 1 2
1394 1 3
1395 1 1
1396 1 1
1397 1 3
1398 1 3
1399 1 2
1400 1 1
1401 1 3
1402 1 3
1403 1 2
1404 1 3
1405 1 3
1406 1 2
1407 1 2
1408 1 1
1409 1 1
1410 1 3
1411 1 1
1412 1 3
1413 1 2
1414 1 1
1415 1 2
1416 1 1
1417 1 2
1418 1 2
1419 1 3
1420 1 2
1421 1 2
1422 1 2
1423 1 2
1424 1 2
1425 1 3
1426 1 1
1427 1 3
1428 1 3
1429 1 3
1430 1 1
1431 1 3
1432 1 3
1433 1 2
1434 1 1
1435 1 3
1436 1 1
1437 1 3
1438 1 1
1439 1 2
1440 1 3
1441 1 3
1442 1 2
1443 1 2
1444 1 3
1445 1 2
1446 1 2
1447 1 3
1448 1 3
1449 1 1
1450 1 2
1451 1 3
1452 1 2
1453 1 1
1454 1 2
1455 1 2
1456 1 3
1457 1 3
1458 1 3
1459 1 2
1460 1 2
1461 1 2
1462 1 3
1463 1 2
1464 1 3
1465 1 3
1466 1 3
1467 1 1
1468 1 3
1469 1 2
1470 1 3
1471 1 3
1472 1 2
1473 1 1
1474 1 1
1475 1 2
1476 1 3
1477 1 3
1478 1 3
1479 1 3
1480 1 2
1481 1 2
1482 1 3
1483 1 3
1484 1 2
1485 1 3
1486 1 3
1487 1 2
1488 1 3
1489 1 3
1490 1 3
1491 1 3
1492 1 2
1493 1 2
1494 1 2
1495 1 2
1496 1 1
1497 1 3
1498 1 1
1499 1 3
1500 1 2
1501 1 3
1502 1 1
1503 1 3
1504 1 2
1505 1 3
1506 1 2
1507 1 1
1508 1 2
1509 1 3
1510 1 2
1511 1 3
1512 1 2
1513 1 2
1514 1 2
1515 1 3
1516 1 2
1517 1 3
1518 1 2
1519 1 3
1520 1 1
1521 1 2
1522 1 3
1523 1 1
1524 1 1
1525 1 2
1526 1 2
1527 1 2
1528 1 3
1529 1 1
1530 1 2
1531 1 2
1532 1 2
1533 1 3
1534 1 2
1535 1 3
1536 1 2
1537 1 2
1538 1 2
1539 1 2
1540 1 1
1541 1 3
1542 1 3
1543 1 2
1544 1 2
1545 1 2
1546 1 2
1547 1 2
1548 1 2
1549 1 3
1550 1 3
1551 1 3
1552 1 2
1553 1 2
1554 1 2
1555 1 2
1556 1 2
1557 1 3
1558 1 3
1559 1 1
1560 1 3
1561 1 1
1562 1 3
1563 1 3
1564 1 2
1565 1 1
1566 1 2
1567 1 2
1568 1 3
1569 1 3
1570 1 1
1571 1 2
1572 1 2
1573 1 3
1574 1 3
1575 1 3
1576 1 2
1577 1 3
1578 1 1
1579 1 3
1580 1 3
1581 1 3
1582 1 3
1583 1 3
1584 1 3
1585 1 3
1586 1 1
1587 1 3
1588 1 2
1589 1 1
1590 1 3
1591 1 1
1592 1 3
1593 1 3
1594 1 3
1595 1 1
1596 1 3
1597 1 3
1598 1 2
1599 1 3
1600 1 3
1601 1 3
1602 1 1
1603 1 3
1604 1 3
1605 1 2
1606 1 3
1607 1 2
1608 1 3
1609 1 2
1610 1 3
1611 1 2
1612 1 2
1613 1 3
1614 1 1
1615 1 2
1616 1 2
1617 1 2
1618 1 2
1619 1 2
1620 1 3
1621 1 2
1622 1 1
1623 1 1
1624 1 3
1625 1 1
1626 1 3
1627 1 2
1628 1 2
1629 1 2
1630 1 1
1631 1 2
1632 1 3
1633 1 1
1634 1 3
1635 1 1
1636 1 1
1637 1 2
1638 1 3
1639 1 3
1640 1 2
1641 1 1
1642 1 2
1643 1 2
1644 1 3
1645 1 1
1646 1 3
1647 1 1
1648 1 1
1649 1 3
1650 1 1
1651 1 3
1652 1 1
1653 1 3
1654 1 1
1655 1 2
1656 1 3
1657 1 3
1658 1 2
1659 1 3
1660 1 3
1661 1 2
1662 1 3
1663 1 3
1664 1 3
1665 1 3
1666 1 2
1667 1 1
1668 1 2
1669 1 1
1670 1 2
1671 1 3
1672 1 2
1673 1 2
1674 1 3
1675 1 2
1676 1 2
1677 1 2
1678 1 1
1679 1 2
1680 1 1
1681 1 3
1682 1 1
1683 1 2
1684 1 2
1685 1 1
1686 1 3
1687 1 3
1688 1 3
1689 1 1
1690 1 3
1691 1 1
1692 1 1
1693 1 3
1694 1 2
1695 1 3
1696 1 3
1697 1 2
1698 1 2
1699 1 1
1700 1 3
1701 1 1
1702 1 3
1703 1 3
1704 1 3
1705 1 3
1706 1 2
1707 1 2
1708 1 3
1709 1 2
1710 1 3
1711 1 3
1712 1 2
1713 1 1
1714 1 2
1715 1 3
1716 1 1
1717 1 2
1718 1 2
1719 1 3
1720 1 1
1721 1 2
1722 1 3
1723 1 2
1724 1 2
1725 1 2
1726 1 2
1727 1 3
1728 1 2
1729 1 1
1730 1 2
1731 1 3
1732 1 2
1733 1 2
1734 1 2
1735 1 1
1736 1 1
1737 1 1
1738 1 3
1739 1 2
1740 1 3
1741 1 3
1742 1 2
1743 1 1
1744 1 3
1745 1 2
1746 1 3
1747 1 3
1748 1 2
1749 1 2
1750 1 3
1751 1 3
1752 1 1
1753 1 2
1754 1 3
1755 1 3
1756 1 1
1757 1 2
1758 1 1
1759 1 1
1760 1 3
1761 1 1
1762 1 3
1763 1 3
1764 1 3
1765 1 1
1766 1 2
1767 1 1
1768 1 2
1769 1 1
1770 1 3
1771 1 2
1772 1 2
1773 1 2
1774 1 1
1775 1 3
1776 1 1
1777 1 2
1778 1 2
1779 1 3
1780 1 2
1781 1 2
1782 1 2
1783 1 2
1784 1 2
1785 1 2
1786 1 3
1787 1 2
1788 1 2
1789 1 2
1790 1 2
1791 1 3
1792 1 3
1793 1 3
1794 1 1
1795 1 3
1796 1 3
1797 1 3
1798 1 2
1799 1 3
1800 1 3
1801 1 1
1802 1 3
1803 1 2
1804 1 3
1805 1 2
1806 1 1
1807 1 3
1808 1 3
1809 1 3
1810 1 3
1811 1 3
1812 1 1
1813 1 3
1814 1 2
1815 1 2
1816 1 3
1817 1 1
1818 1 1
1819 1 1
1820 1 2
1821 1 2
1822 1 2
1823 1 1
1824 1 3
1825 1 1
1826 1 1
1827 1 3
1828 1 3
1829 1 2
1830 1 1
1831 1 1
1832 1 1
1833 1 3
1834 1 1
1835 1 2
1836 1 3
1837 1 2
1838 1 2
1839 1 3
1840 1 2
1841 1 1
1842 1 2
1843 1 2
1844 1 3
1845 1 3
1846 1 3
1847 1 2
1848 1 2
1849 1 2
1850 1 3
1851 1 3
1852 1 2
1853 1 3
1854 1 3
1855 1 2
1856 1 1
1857 1 1
1858 1 2
1859 1 3
1860 1 3
1861 1 2
1862 1 1
1863 1 1
1864 1 2
1865 1 3
1866 1 2
1867 1 1
1868 1 3
1869 1 3
1870 1 2
1871 1 2
1872 1 2
1873 1 3
1874 1 3
1875 1 1
1876 1 3
1877 1 3
1878 1 3
1879 1 3
1880 1 2
1881 1 3
1882 1 3
1883 1 2
1884 1 3
1885 1 1
1886 1 3
1887 1 2
1888 1 2
1889 1 2
1890 1 3
1891 1 2
1892 1 3
1893 1 2
1894 1 2
1895 1 3
1896 1 3
1897 1 2
1898 1 2
1899 1 2
1900 1 2
1901 1 2
1902 1 3
1903 1 3
1904 1 3
1905 1 2
1906 1 3
1907 1 1
1908 1 3
1909 1 1
1910 1 2
1911 1 1
1912 1 3
1913 1 3
1914 1 3
1915 1 2
1916 1 2
1917 1 2
1918 1 1
1919 1 3
1920 1 2
1921 1 2
1922 1 3
1923 1 3
1924 1 1
1925 1 3
1926 1 3
1927 1 3
1928 1 3
1929 1 1
1930 1 2
1931 1 1
1932 1 2
1933 1 2
1934 1 3
1935 1 3
1936 1 1
1937 1 2
1938 1 2
1939 1 3
1940 1 2
1941 1 2
1942 1 1
1943 1 2
1944 1 2
1945 1 2
1946 1 3
1947 1 3
1948 1 2
1949 1 3
1950 1 2
1951 1 3
1952 1 2
1953 1 2
1954 1 3
1955 1 3
1956 1 1
1957 1 2
1958 1 3
1959 1 2
1960 1 3
1961 1 3
1962 1 2
1963 1 1
1964 1 3
1965 1 3
1966 1 2
1967 1 3
1968 1 1
1969 1 2
1970 1 1
1971 1 1
1972 1 3
1973 1 2
1974 1 3
1975 1 3
1976 1 3
1977 1 1
1978 1 2
1979 1 1
1980 1 2
1981 1 3
1982 1 3
1983 1 2
1984 1 1
1985 1 3
1986 1 1
1987 1 3
1988 1 2
1989 1 1
1990 1 3
1991 1 2
1992 1 3
1993 1 2
1994 1 2
1995 1 1
1996 1 1
1997 1 3
1998 1 1
1999 1 2
2000 1 1
2001 1 2
2002 1 2
2003 1 2
2004 1 2
2005 1 2
2006 1 3
2007 1 3
2008 1 1
2009 1 2
2010 1 1
2011 1 1
2012 1 1
2013 1 3
2014 1 3
2015 1 3
2016 1 3
2017 1 2
2018 1 1
2019 1 2
2020 1 3
2021 1 1
2022 1 3
2023 1 2
2024 1 2
2025 1 2
2026 1 3
2027 1 3
2028 1 3
2029 1 2
2030 1 2
2031 1 2
2032 1 2
2033 1 1
2034 1 3
2035 1 1
2036 1 3
2037 1 3
2038 1 2
2039 1 2
2040 1 3
2041 1 1
2042 1 1
2043 1 3
2044 1 1
2045 1 1
2046 1 1
2047 1 3
2048 1 3
2049 1 1
2050 1 3
2051 1 2
2052 1 2
2053 1 1
2054 1 2
2055 1 2
2056 1 2
2057 1 2
2058 1 2
2059 1 3
2060 1 2
2061 1 2
2062 1 2
2063 1 2
2064 1 3
2065 1 2
2066 1 2
2067 1 2
2068 1 3
2069 1 2
2070 1 3
2071 1 3
2072 1 3
2073 1 2
2074 1 3
2075 1 2
2076 1 2
2077 1 1
2078 1 3
2079 1 2
2080 1 1
2081 1 3
2082 1 3
2083 1 1
2084 1 1
2085 1 3
2086 1 1
2087 1 2
2088 1 3
2089 1 2
2090 1 3
2091 1 2
2092 1 1
2093 1 2
2094 1 3
2095 1 3
2096 1 3
2097 1 1
2098 1 3
2099 1 2
2100 1 2
2101 1 3
2102 1 3
2103 1 2
2104 1 2
2105 1 3
2106 1 2
2107 1 1
2108 1 1
2109 1 2
2110 1 2
2111 1 3
2112 1 3
2113 1 2
2114 1 1
2115 1 2
2116 1 2
2117 1 3
2118 1 3
2119 1 3
2120 1 3
2121 1 3
2122 1 2
2123 1 1
2124 1 1
2125 1 2
2126 1 2
2127 1 2
2128 1 2
2129 1 1
2130 1 3
2131 1 2
2132 1 1
2133 1 3
2134 1 1
2135 1 3
2136 1 1
2137 1 2
2138 1 2
2139 1 2
2140 1 1
2141 1 2
2142 1 3
2143 1 2
2144 1 3
2145 1 3
2146 1 3
2147 1 3
2148 1 1
2149 1 1
2150 1 3
2151 1 3
2152 1 3
2153 1 2
2154 1 2
2155 1 2
2156 1 3
2157 1 2
2158 1 2
2159 1 3
2160 1 2
2161 1 3
2162 1 2
2163 1 2
2164 1 3
2165 1 3
2166 1 2
2167 1 3
2168 1 1
2169 1 2
2170 1 1
2171 1 1
2172 1 1
2173 1 1
2174 1 2
2175 1 3
2176 1 3
2177 1 2
2178 1 1
2179 1 2
2180 1 3
2181 1 2
2182 1 2
2183 1 1
2184 1 1
2185 1 3
2186 1 1
2187 1 3
2188 1 2
2189 1 3
2190 1 2
2191 1 3
2192 1 2
2193 1 2
2194 1 2
2195 1 2
2196 1 3
2197 1 1
2198 1 2
2199 1 3
2200 1 1
2201 1 1
2202 1 3
2203 1 2
2204 1 1
2205 1 1
2206 1 2
2207 1 1
2208 1 2
2209 1 2
2210 1 3
2211 1 1
2212 1 2
2213 1 2
2214 1 2
2215 1 3
2216 1 2
2217 1 3
2218 1 2
2219 1 3
2220 1 2
2221 1 2
2222 1 3
2223 1 3
2224 1 3
2225 1 3
2226 1 2
2227 1 2
2228 1 3
2229 1 3
2230 1 3
2231 1 2
2232 1 2
2233 1 3
2234 1 3
2235 1 2
2236 1 3
2237 1 3
2238 1 1
2239 1 3
2240 1 2
2241 1 2
2242 1 3
2243 1 1
2244 1 3
2245 1 2
2246 1 1
2247 1 2
2248 1 3
2249 1 3
2250 1 1
2251 1 2
2252 1 3
2253 1 1
2254 1 3
2255 1 2
2256 1 1
2257 1 2
2258 1 2
2259 1 3
2260 1 1
2261 1 3
2262 1 3
2263 1 1
2264 1 3
2265 1 3
2266 1 2
2267 1 2
2268 1 3
2269 1 2
2270 1 3
2271 1 2
2272 1 3
2273 1 2
2274 1 2
2275 1 3
2276 1 3
2277 1 3
2278 1 3
2279 1 1
2280 1 3
2281 1 2
2282 1 3
2283 1 3
2284 1 2
2285 1 3
2286 1 2
2287 1 1
2288 1 3
2289 1 1
2290 1 3
2291 1 2
2292 1 3
2293 1 2
2294 1 3
2295 1 2
2296 1 3
2297 1 3
2298 1 1
2299 1 1
2300 1 3
2301 1 3
2302 1 2
2303 1 1
2304 1 3
2305 1 3
2306 1 2
2307 1 3
2308 1 3
2309 1 1
2310 1 2
2311 1 2
2312 1 3
2313 1 3
2314 1 2
2315 1 1
2316 1 2
2317 1 3
2318 1 2
2319 1 3
2320 1 3
2321 1 2
2322 1 2
2323 1 3
2324 1 2
2325 1 2
2326 1 2
2327 1 3
2328 1 3
2329 1 2
2330 1 2
2331 1 2
2332 1 3
2333 1 3
2334 1 2
2335 1 2
2336 1 3
2337 1 3
2338 1 1
2339 1 2
2340 1 3
2341 1 2
2342 1 2
2343 1 2
2344 1 3
2345 1 2
2346 1 3
2347 1 1
2348 1 1
2349 1 2
2350 1 2
2351 1 3
2352 1 1
2353 1 3
2354 1 2
2355 1 2
2356 1 3
2357 1 3
2358 1 1
2359 1 2
2360 1 3
2361 1 3
2362 1 3
2363 1 1
2364 1 1
2365 1 3
2366 1 2
2367 1 2
2368 1 2
2369 1 3
2370 1 1
2371 1 2
2372 1 3
2373 1 2
2374 1 2
2375 1 2
2376 1 2
2377 1 3
2378 1 3
2379 1 2
2380 1 1
2381 1 1
2382 1 3
2383 1 2
2384 1 2
2385 1 2
2386 1 3
2387 1 2
2388 1 3
2389 1 3
2390 1 2
2391 1 3
2392 1 3
2393 1 3
2394 1 3
2395 1 3
2396 1 2
2397 1 2
2398 1 2
2399 1 3
2400 1 3
2401 1 3
2402 1 3
2403 1 2
2404 1 3
2405 1 3
2406 1 2
2407 1 3
2408 1 3
2409 1 1
2410 1 3
2411 1 2
2412 1 2
2413 1 1
2414 1 3
2415 1 2
2416 1 2
2417 1 3
2418 1 2
2419 1 3
2420 1 3
2421 1 2
2422 1 3
2423 1 2
2424 1 3
2425 1 3
2426 1 3
2427 1 2
2428 1 3
2429 1 2
2430 1 3
2431 1 1
2432 1 3
2433 1 1
2434 1 2
2435 1 2
2436 1 2
2437 1 1
2438 1 2
2439 1 3
2440 1 3
2441 1 2
2442 1 3
2443 1 3
2444 1 2
2445 1 3
2446 1 3
2447 1 2
2448 1 2
2449 1 1
2450 1 1
2451 1 3
2452 1 3
2453 1 3
2454 1 3
2455 1 2
2456 1 1
2457 1 2
2458 1 2
2459 1 3
2460 1 2
2461 1 1
2462 1 3
2463 1 3
2464 1 3
2465 1 1
2466 1 2
2467 1 3
2468 1 3
2469 1 2
2470 1 2
2471 1 3
2472 1 1
2473 1 2
2474 1 1
2475 1 3
2476 1 3
2477 1 2
2478 1 3
2479 1 1
2480 1 3
2481 1 3
2482 1 3
2483 1 2
2484 1 3
2485 1 3
2486 1 3
2487 1 1
2488 1 3
2489 1 1
2490 1 3
2491 1 3
2492 1 3
2493 1 2
2494 1 1
2495 1 3
2496 1 1
2497 1 3
2498 1 3
2499 1 2
2500 1 3
2501 1 2
2502 1 2
2503 1 3
2504 1 2
2505 1 2
2506 1 2
2507 1 3
2508 1 3
2509 1 2
2510 1 1
2511 1 1
2512 1 2
2513 1 2
2514 1 1
2515 1 3
2516 1 1
2517 1 3
2518 1 2
2519 1 3
2520 1 2
2521 1 1
2522 1 3
2523 1 2
2524 1 3
2525 1 2
2526 1 1
2527 1 1
2528 1 1
2529 1 3
2530 1 3
2531 1 2
2532 1 2
2533 1 1
2534 1 2
2535 1 3
2536 1 3
2537 1 1
2538 1 1
2539 1 3
2540 1 3
2541 1 2
2542 1 2
2543 1 1
2544 1 1
2545 1 2
2546 1 1
2547 1 1
2548 1 3
2549 1 1
2550 1 2
2551 1 3
2552 1 1
2553 1 2
2554 1 1
2555 1 3
2556 1 2
2557 1 3
2558 1 1
2559 1 1
2560 1 2
2561 1 1
2562 1 2
2563 1 3
2564 1 1
2565 1 2
2566 1 2
2567 1 1
2568 1 2
2569 1 2
2570 1 1
2571 1 1
2572 1 1
2573 1 3
2574 1 2
2575 1 3
2576 1 1
2577 1 3
2578 1 2
2579 1 1
2580 1 2
2581 1 2
2582 1 3
2583 1 3
2584 1 3
2585 1 2
2586 1 2
2587 1 2
2588 1 2
2589 1 3
2590 1 1
2591 1 1
2592 1 2
2593 1 3
2594 1 3
2595 1 3
2596 1 3
2597 1 2
2598 1 3
2599 1 1
2600 1 1
2601 1 3
2602 1 2
2603 1 3
2604 1 2
2605 1 3
2606 1 3
2607 1 2
2608 1 3
2609 1 2
2610 1 2
2611 1 1
2612 1 3
2613 1 1
2614 1 3
2615 1 2
2616 1 2
2617 1 2
2618 1 2
2619 1 2
2620 1 1
2621 1 3
2622 1 1
2623 1 3
2624 1 3
2625 1 2
2626 1 2
2627 1 2
2628 1 1
2629 1 2
2630 1 1
2631 1 1
2632 1 3
2633 1 2
2634 1 3
2635 1 2
2636 1 3
2637 1 3
2638 1 3
2639 1 2
2640 1 3
2641 1 1
2642 1 3
2643 1 1
2644 1 3
2645 1 2
2646 1 2
2647 1 3
2648 1 1
2649 1 3
2650 1 1
2651 1 1
2652 1 1
2653 1 3
2654 1 2
2655 1 1
2656 1 3
2657 1 2
2658 1 3
2659 1 3
2660 1 2
2661 1 2
2662 1 2
2663 1 3
2664 1 2
2665 1 2
2666 1 1
2667 1 3
2668 1 1
2669 1 1
2670 1 1
2671 1 3
2672 1 1
2673 1 1
2674 1 3
2675 1 2
2676 1 2
2677 1 3
2678 1 3
2679 1 1
2680 1 1
2681 1 2
2682 1 2
2683 1 3
2684 1 2
2685 1 2
2686 1 1
2687 1 2
2688 1 3
2689 1 2
2690 1 2
2691 1 2
2692 1 2
2693 1 3
2694 1 3
2695 1 2
2696 1 1
2697 1 1
2698 1 3
2699 1 3
2700 1 1
2701 1 2
2702 1 2
2703 1 3
2704 1 3
2705 1 2
2706 1 1
2707 1 3
2708 1 3
2709 1 2
2710 1 2
2711 1 1
2712 1 3
2713 1 2
2714 1 3
2715 1 1
2716 1 3
2717 1 2
2718 1 1
2719 1 3
2720 1 1
2721 1 3
2722 1 3
2723 1 3
2724 1 3
2725 1 3
2726 1 2
2727 1 3
2728 1 3
2729 1 3
2730 1 2
2731 1 2
2732 1 3
2733 1 1
2734 1 3
2735 1 2
2736 1 2
2737 1 2
2738 1 1
2739 1 2
2740 1 3
2741 1 2
2742 1 3
2743 1 1
2744 1 3
2745 1 1
2746 1 3
2747 1 3
2748 1 2
2749 1 2
2750 1 3
2751 1 2
2752 1 1
2753 1 2
2754 1 3
2755 1 3
2756 1 1
2757 1 2
2758 1 1
2759 1 1
2760 1 2
2761 1 2
2762 1 1
2763 1 2
2764 1 3
2765 1 3
2766 1 1
2767 1 3
2768 1 3
2769 1 3
2770 1 1
2771 1 1
2772 1 2
2773 1 2
2774 1 2
2775 1 3
2776 1 3
2777 1 2
2778 1 3
2779 1 2
2780 1 1
2781 1 2
2782 1 3
2783 1 1
2784 1 2
2785 1 2
2786 1 2
2787 1 3
2788 1 2
2789 1 3
2790 1 2
2791 1 1
2792 1 3
2793 1 2
2794 1 3
2795 1 2
2796 1 1
2797 1 1
2798 1 1
2799 1 3
2800 1 3
2801 1 2
2802 1 3
2803 1 2
2804 1 2
2805 1 3
2806 1 3
2807 1 2
2808 1 3
2809 1 2
2810 1 3
2811 1 2
2812 1 1
2813 1 2
2814 1 3
2815 1 3
2816 1 2
2817 1 3
2818 1 2
2819 1 2
2820 1 2
2821 1 3
2822 1 2
2823 1 3
2824 1 3
2825 1 3
2826 1 2
2827 1 3
2828 1 2
2829 1 3
2830 1 2
2831 1 3
2832 1 3
2833 1 2
2834 1 2
2835 1 1
2836 1 2
2837 1 3
2838 1 1
2839 1 3
2840 1 3
2841 1 2
2842 1 1
2843 1 1
2844 1 2
2845 1 3
2846 1 3
2847 1 3
2848 1 3
2849 1 3
2850 1 3
2851 1 1
2852 1 3
2853 1 2
2854 1 2
2855 1 3
2856 1 2
2857 1 3
2858 1 3
2859 1 3
2860 1 2
2861 1 2
2862 1 3
2863 1 2
2864 1 2
2865 1 3
2866 1 3
2867 1 2
2868 1 2
2869 1 1
2870 1 2
2871 1 2
2872 1 3
2873 1 2
2874 1 3
2875 1 3
2876 1 2
2877 1 3
2878 1 3
2879 1 3
2880 1 3
2881 1 2
2882 1 2
2883 1 3
2884 1 1
2885 1 2
2886 1 2
2887 1 2
2888 1 2
2889 1 3
2890 1 3
2891 1 2
2892 1 3
2893 1 2
2894 1 2
2895 1 2
2896 1 1
2897 1 2
2898 1 3
2899 1 3
2900 1 3
2901 1 2
2902 1 3
2903 1 2
2904 1 3
2905 1 1
2906 1 2
2907 1 2
2908 1 1
2909 1 3
2910 1 2
2911 1 3
2912 1 2
2913 1 2
2914 1 2
2915 1 2
2916 1 2
2917 1 2
2918 1 3
2919 1 3
2920 1 3
2921 1 3
2922 1 2
2923 1 2
2924 1 2
2925 1 2
2926 1 2
2927 1 2
2928 1 1
2929 1 3
2930 1 2
2931 1 1
2932 1 2
2933 1 2
2934 1 2
2935 1 3
2936 1 2
2937 1 3
2938 1 3
2939 1 2
2940 1 2
2941 1 2
2942 1 3
2943 1 2
2944 1 2
2945 1 2
2946 1 3
2947 1 3
2948 1 1
2949 1 3
2950 1 2
2951 1 3
2952 1 3
2953 1 1
2954 1 1
2955 1 3
2956 1 1
2957 1 2
2958 1 2
2959 1 2
2960 1 3
2961 1 2
2962 1 2
2963 1 3
2964 1 1
2965 1 3
2966 1 1
2967 1 2
2968 1 2
2969 1 2
2970 1 3
2971 1 1
2972 1 2
2973 1 2
2974 1 3
2975 1 3
2976 1 3
2977 1 1
2978 1 2
2979 1 1
2980 1 3
2981 1 3
2982 1 2
2983 1 3
2984 1 3
2985 1 1
2986 1 3
2987 1 1
2988 1 2
2989 1 3
2990 1 3
2991 1 2
2992 1 1
2993 1 2
2994 1 3
2995 1 3
2996 1 3
2997 1 2
2998 1 2
2999 1 2
3000 1 2
3001 1 2
3002 1 3
3003 1 2
3004 1 2
3005 1 2
3006 1 2
3007 1 3
3008 1 2
3009 1 2
3010 1 1
3011 1 3
3012 1 2
3013 1 3
3014 1 2
3015 1 2
3016 1 3
3017 1 3
3018 1 1
3019 1 1
3020 1 1
3021 1 3
3022 1 2
3023 1 2
3024 1 3
3025 1 3
3026 1 2
3027 1 2
3028 1 3
3029 1 3
3030 1 3
3031 1 2
3032 1 3
3033 1 3
3034 1 2
3035 1 1
3036 1 3
3037 1 3
3038 1 3
3039 1 2
3040 1 3
3041 1 1
3042 1 3
3043 1 3
3044 1 1
3045 1 2
3046 1 1
3047 1 1
3048 1 2
3049 1 3
3050 1 3
3051 1 1
3052 1 2
3053 1 2
3054 1 3
3055 1 2
3056 1 1
3057 1 3
3058 1 2
3059 1 3
3060 1 3
3061 1 3
3062 1 1
3063 1 1
3064 1 3
3065 1 2
3066 1 2
3067 1 1
3068 1 2
3069 1 2
3070 1 3
3071 1 1
3072 1 3
3073 1 3
3074 1 3
3075 1 3
3076 1 2
3077 1 2
3078 1 1
3079 1 3
3080 1 1
3081 1 2
3082 1 1
3083 1 1
3084 1 2
3085 1 1
3086 1 3
3087 1 3
3088 1 3
3089 1 3
3090 1 3
3091 1 2
3092 1 1
3093 1 2
3094 1 2
3095 1 2
3096 1 1
3097 1 1
3098 1 2
3099 1 2
3100 1 2
3101 1 2
3102 1 2
3103 1 3
3104 1 1
3105 1 1
3106 1 2
3107 1 2
3108 1 2
3109 1 3
3110 1 3
3111 1 1
3112 1 3
3113 1 3
3114 1 2
3115 1 1
3116 1 2
3117 1 3
3118 1 3
3119 1 1
3120 1 3
3121 1 1
3122 1 1
3123 1 2
3124 1 3
3125 1 3
3126 1 2
3127 1 1
3128 1 3
3129 1 2
3130 1 1
3131 1 3
3132 1 1
3133 1 1
3134 1 1
3135 1 2
3136 1 2
3137 1 2
3138 1 3
3139 1 2
3140 1 1
3141 1 1
3142 1 1
3143 1 3
3144 1 3
3145 1 2
3146 1 3
3147 1 3
3148 1 1
3149 1 3
3150 1 3
3151 1 3
3152 1 1
3153 1 2
3154 1 3
3155 1 2
3156 1 1
3157 1 2
3158 1 3
3159 1 1
3160 1 3
3161 1 2
3162 1 1
3163 1 3
3164 1 2
3165 1 2
3166 1 2
3167 1 3
3168 1 2
3169 1 2
3170 1 2
3171 1 2
3172 1 2
3173 1 1
3174 1 2
3175 1 3
3176 1 3
3177 1 3
3178 1 2
3179 1 1
3180 1 1
3181 1 2
3182 1 2
3183 1 2
3184 1 3
3185 1 2
3186 1 2
3187 1 3
3188 1 3
3189 1 1
3190 1 2
3191 1 3
3192 1 2
3193 1 3
3194 1 2
3195 1 3
3196 1 1
3197 1 3
3198 1 2
3199 1 3
3200 1 3
3201 1 2
3202 1 3
3203 1 2
3204 1 1
3205 1 3
3206 1 2
3207 1 2
3208 1 1
3209 1 3
3210 1 2
3211 1 2
3212 1 1
3213 1 3
3214 1 2
3215 1 3
3216 1 3
3217 1 2
3218 1 2
3219 1 3
3220 1 2
3221 1 2
3222 1 1
3223 1 3
3224 1 2
3225 1 2
3226 1 3
3227 1 2
3228 1 2
3229 1 1
3230 1 1
3231 1 2
3232 1 3
3233 1 2
3234 1 1
3235 1 3
3236 1 3
3237 1 2
3238 1 3
3239 1 3
3240 1 2
3241 1 3
3242 1 3
3243 1 1
3244 1 1
3245 1 3
3246 1 3
3247 1 3
3248 1 1
3249 1 3
3250 1 3
3251 1 2
3252 1 2
3253 1 3
3254 1 3
3255 1 2
3256 1 2
3257 1 1
3258 1 2
3259 1 1
3260 1 2
3261 1 3
3262 1 2
3263 1 3
3264 1 3
3265 1 1
3266 1 1
3267 1 2
3268 1 2
3269 1 3
3270 1 3
3271 1 3
3272 1 3
3273 1 3
3274 1 3
3275 1 3
3276 1 3
3277 1 1
3278 1 3
3279 1 1
3280 1 2
3281 1 2
3282 1 2
3283 1 3
3284 1 2
3285 1 3
3286 1 2
3287 1 2
3288 1 3
3289 1 1
3290 1 3
3291 1 2
3292 1 2
3293 1 3
3294 1 3
3295 1 2
3296 1 2
3297 1 3
3298 1 2
3299 1 3
3300 1 1
3301 1 3
3302 1 2
3303 1 3
3304 1 2
3305 1 2
3306 1 3
3307 1 2
3308 1 3
3309 1 1
3310 1 3
3311 1 1
3312 1 2
3313 1 3
3314 1 2
3315 1 2
3316 1 2
3317 1 3
3318 1 1
3319 1 2
3320 1 2
3321 1 2
3322 1 3
3323 1 1
3324 1 3
3325 1 2
3326 1 2
3327 1 1
3328 1 3
3329 1 3
3330 1 3
3331 1 2
3332 1 2
3333 1 1
3334 1 2
3335 1 2
3336 1 3
3337 1 2
3338 1 1
3339 1 1
3340 1 2
3341 1 2
3342 1 2
3343 1 3
3344 1 2
3345 1 3
3346 1 3
3347 1 2
3348 1 3
3349 1 2
3350 1 1
3351 1 2
3352 1 3
3353 1 2
3354 1 3
3355 1 3
3356 1 1
3357 1 1
3358 1 3
3359 1 2
3360 1 1
3361 1 2
3362 1 3
3363 1 2
3364 1 3
3365 1 3
3366 1 2
3367 1 3
3368 1 2
3369 1 1
3370 1 2
3371 1 1
3372 1 1
3373 1 1
3374 1 3
3375 1 2
3376 1 2
3377 1 3
3378 1 2
3379 1 1
3380 1 3
3381 1 2
3382 1 2
3383 1 2
3384 1 1
3385 1 1
3386 1 3
3387 1 2
3388 1 2
3389 1 1
3390 1 3
3391 1 3
3392 1 2
3393 1 2
3394 1 1
3395 1 3
3396 1 3
3397 1 3
3398 1 2
3399 1 2
3400 1 3
3401 1 3
3402 1 2
3403 1 2
3404 1 2
3405 1 3
3406 1 2
3407 1 3
3408 1 2
3409 1 3
3410 1 2
3411 1 2
3412 1 3
3413 1 1
3414 1 3
3415 1 1
3416 1 2
3417 1 1
3418 1 1
3419 1 2
3420 1 3
3421 1 2
3422 1 1
3423 1 2
3424 1 1
3425 1 2
3426 1 2
3427 1 1
3428 1 2
3429 1 2
3430 1 1
3431 1 2
3432 1 2
3433 1 3
3434 1 2
3435 1 3
3436 1 3
3437 1 2
3438 1 3
3439 1 3
3440 1 2
3441 1 2
3442 1 3
3443 1 2
3444 1 3
3445 1 1
3446 1 3
3447 1 3
3448 1 1
3449 1 1
3450 1 3
3451 1 1
3452 1 3
3453 1 2
3454 1 2
3455 1 1
3456 1 2
3457 1 2
3458 1 2
3459 1 3
3460 1 2
3461 1 2
3462 1 3
3463 1 1
3464 1 2
3465 1 2
3466 1 3
3467 1 3
3468 1 1
3469 1 3
3470 1 2
3471 1 3
3472 1 3
3473 1 2
3474 1 3
3475 1 3
3476 1 3
3477 1 3
3478 1 3
3479 1 1
3480 1 2
3481 1 2
3482 1 1
3483 1 3
3484 1 3
3485 1 2
3486 1 3
3487 1 2
3488 1 3
3489 1 3
3490 1 1
3491 1 3
3492 1 1
3493 1 3
3494 1 1
3495 1 3
3496 1 2
3497 1 3
3498 1 3
3499 1 3
3500 1 3
3501 1 2
3502 1 3
3503 1 2
3504 1 3
3505 1 2
3506 1 3
3507 1 3
3508 1 3
3509 1 2
3510 1 3
3511 1 2
3512 1 1
3513 1 1
3514 1 3
3515 1 2
3516 1 3
3517 1 2
3518 1 2
3519 1 3
3520 1 3
3521 1 2
3522 1 3
3523 1 2
3524 1 2
3525 1 3
3526 1 3
3527 1 3
3528 1 2
3529 1 2
3530 1 3
3531 1 2
3532 1 1
3533 1 2
3534 1 3
3535 1 2
3536 1 3
3537 1 2
3538 1 3
3539 1 3
3540 1 3
3541 1 3
3542 1 3
3543 1 3
3544 1 2
3545 1 2
3546 1 2
3547 1 3
3548 1 2
3549 1 2
3550 1 3
3551 1 2
3552 1 3
3553 1 2
3554 1 1
3555 1 2
3556 1 3
3557 1 3
3558 1 3
3559 1 2
3560 1 2
3561 1 1
3562 1 2
3563 1 3
3564 1 2
3565 1 3
3566 1 3
3567 1 3
3568 1 1
3569 1 2
3570 1 3
3571 1 3
3572 1 3
3573 1 3
3574 1 3
3575 1 3
3576 1 1
3577 1 2
3578 1 3
3579 1 2
3580 1 2
3581 1 3
3582 1 3
3583 1 3
3584 1 2
3585 1 1
3586 1 3
3587 1 3
3588 1 2
3589 1 3
3590 1 3
3591 1 1
3592 1 3
3593 1 3
3594 1 3
3595 1 3
3596 1 2
3597 1 3
3598 1 2
3599 1 3
3600 1 2
3601 1 2
3602 1 1
3603 1 3
3604 1 2
3605 1 3
3606 1 3
3607 1 3
3608 1 2
3609 1 2
3610 1 2
3611 1 1
3612 1 2
3613 1 2
3614 1 2
3615 1 2
3616 1 2
3617 1 2
3618 1 1
3619 1 2
3620 1 2
3621 1 2
3622 1 3
3623 1 2
3624 1 2
3625 1 2
3626 1 3
3627 1 1
3628 1 3
3629 1 1
3630 1 3
3631 1 3
3632 1 3
3633 1 3
3634 1 3
3635 1 1
3636 1 2
3637 1 3
3638 1 2
3639 1 3
3640 1 1
3641 1 3
3642 1 1
3643 1 1
3644 1 3
3645 1 1
3646 1 2
3647 1 3
3648 1 3
3649 1 1
3650 1 3
3651 1 2
3652 1 1
3653 1 2
3654 1 3
3655 1 3
3656 1 2
3657 1 3
3658 1 3
3659 1 3
3660 1 3
3661 1 3
3662 1 3
3663 1 3
3664 1 2
3665 1 2
3666 1 3
3667 1 2
3668 1 2
3669 1 2
3670 1 2
3671 1 3
3672 1 1
3673 1 2
3674 1 2
3675 1 2
3676 1 3
3677 1 3
3678 1 2
3679 1 1
3680 1 3
3681 1 2
3682 1 2
3683 1 2
3684 1 3
3685 1 3
3686 1 1
3687 1 3
3688 1 1
3689 1 1
3690 1 1
3691 1 1
3692 1 1
3693 1 1
3694 1 3
3695 1 3
3696 1 3
3697 1 1
3698 1 1
3699 1 2
3700 1 3
3701 1 2
3702 1 3
3703 1 1
3704 1 2
3705 1 2
3706 1 1
3707 1 2
3708 1 2
3709 1 2
3710 1 2
3711 1 1
3712 1 3
3713 1 3
3714 1 2
3715 1 3
3716 1 1
3717 1 1
3718 1 2
3719 1 3
3720 1 3
3721 1 2
3722 1 3
3723 1 2
3724 1 2
3725 1 2
3726 1 3
3727 1 3
3728 1 2
3729 1 1
3730 1 3
3731 1 1
3732 1 3
3733 1 2
3734 1 2
3735 1 2
3736 1 3
3737 1 2
3738 1 2
3739 1 2
3740 1 1
3741 1 1
3742 1 3
3743 1 2
3744 1 1
3745 1 2
3746 1 1
3747 1 2
3748 1 2
3749 1 1
3750 1 2
3751 1 2
3752 1 3
3753 1 3
3754 1 2
3755 1 3
3756 1 1
3757 1 2
3758 1 2
3759 1 3
3760 1 3
3761 1 2
3762 1 1
3763 1 2
3764 1 2
3765 1 2
3766 1 3
3767 1 2
3768 1 3
3769 1 2
3770 1 3
3771 1 2
3772 1 3
3773 1 3
3774 1 3
3775 1 3
3776 1 2
3777 1 1
3778 1 1
3779 1 1
3780 1 3
3781 1 3
3782 1 2
3783 1 3
3784 1 2
3785 1 2
3786 1 3
3787 1 2
3788 1 2
3789 1 3
3790 1 3
3791 1 3
3792 1 3
3793 1 2
3794 1 3
3795 1 3
3796 1 2
3797 1 3
3798 1 1
3799 1 3
3800 1 3
3801 1 3
3802 1 2
3803 1 3
3804 1 2
3805 1 2
3806 1 3
3807 1 1
3808 1 3
3809 1 1
3810 1 3
3811 1 2
3812 1 3
3813 1 2
3814 1 2
3815 1 2
3816 1 1
3817 1 2
3818 1 3
3819 1 3
3820 1 3
3821 1 1
3822 1 3
3823 1 1
3824 1 2
3825 1 2
3826 1 1
3827 1 3
3828 1 2
3829 1 3
3830 1 2
3831 1 3
3832 1 2
3833 1 2
3834 1 2
3835 1 3
3836 1 2
3837 1 3
3838 1 2
3839 1 3
3840 1 2
3841 1 3
3842 1 3
3843 1 1
3844 1 3
3845 1 1
3846 1 2
3847 1 2
3848 1 3
3849 1 3
3850 1 3
3851 1 3
3852 1 3
3853 1 3
3854 1 2
3855 1 2
3856 1 3
3857 1 2
3858 1 2
3859 1 3
3860 1 3
3861 1 2
3862 1 2
3863 1 1
3864 1 3
3865 1 2
3866 1 1
3867 1 2
3868 1 2
3869 1 1
3870 1 3
3871 1 1
3872 1 1
3873 1 1
3874 1 3
3875 1 2
3876 1 1
3877 1 1
3878 1 1
3879 1 2
3880 1 1
3881 1 1
3882 1 3
3883 1 2
3884 1 3
3885 1 3
3886 1 3
3887 1 3
3888 1 1
3889 1 3
3890 1 2
3891 1 3
3892 1 3
3893 1 3
3894 1 3
3895 1 1
3896 1 3
3897 1 2
3898 1 3
3899 1 3
3900 1 3
3901 1 1
3902 1 2
3903 1 2
3904 1 2
3905 1 1
3906 1 1
3907 1 3
3908 1 2
3909 1 2
3910 1 1
3911 1 3
3912 1 3
3913 1 2
3914 1 3
3915 1 2
3916 1 2
3917 1 2
3918 1 3
3919 1 3
3920 1 3
3921 1 3
3922 1 3
3923 1 2
3924 1 1
3925 1 2
3926 1 3
3927 1 1
3928 1 3
3929 1 2
3930 1 1
3931 1 2
3932 1 2
3933 1 3
3934 1 3
3935 1 3
3936 1 2
3937 1 2
3938 1 3
3939 1 2
3940 1 2
3941 1 1
3942 1 3
3943 1 1
3944 1 1
3945 1 3
3946 1 3
3947 1 2
3948 1 2
3949 1 2
3950 1 3
3951 1 2
3952 1 2
3953 1 2
3954 1 2
3955 1 3
3956 1 2
3957 1 3
3958 1 3
3959 1 2
3960 1 2
3961 1 2
3962 1 3
3963 1 3
3964 1 3
3965 1 3
3966 1 2
3967 1 3
3968 1 3
3969 1 2
3970 1 3
3971 1 3
3972 1 2
3973 1 2
3974 1 2
3975 1 2
3976 1 3
3977 1 2
3978 1 2
3979 1 3
3980 1 3
3981 1 3
3982 1 3
3983 1 3
3984 1 2
3985 1 3
3986 1 1
3987 1 2
3988 1 3
3989 1 1
3990 1 3
3991 1 3
3992 1 2
3993 1 2
3994 1 3
3995 1 2
3996 1 3
3997 1 3
3998 1 3
3999 1 2
4000 1 1
4001 1 1
4002 1 3
4003 1 2
4004 1 2
4005 1 3
4006 1 3
4007 1 1
4008 1 3
4009 1 2
4010 1 3
4011 1 1
4012 1 1
4013 1 1
4014 1 2
4015 1 2
4016 1 3
4017 1 2
4018 1 1
4019 1 2
4020 1 2
4021 1 2
4022 1 3
4023 1 1
4024 1 1
4025 1 3
4026 1 3
4027 1 3
4028 1 3
4029 1 3
4030 1 3
4031 1 2
4032 1 3
4033 1 3
4034 1 1
4035 1 3
4036 1 1
4037 1 3
4038 1 2
4039 1 3
4040 1 3
4041 1 2
4042 1 3
4043 1 3
4044 1 3
4045 1 3
4046 1 3
4047 1 3
4048 1 2
4049 1 2
4050 1 2
4051 1 2
4052 1 3
4053 1 3
4054 1 2
4055 1 3
4056 1 3
4057 1 2
4058 1 3
4059 1 3
4060 1 2
4061 1 2
4062 1 2
4063 1 3
4064 1 3
4065 1 3
4066 1 1
4067 1 2
4068 1 3
4069 1 3
4070 1 3
4071 1 2
4072 1 3
4073 1 3
4074 1 1
4075 1 2
4076 1 1
4077 1 2
4078 1 1
4079 1 2
4080 1 3
4081 1 2
4082 1 1
4083 1 3
4084 1 1
4085 1 2
4086 1 3
4087 1 2
4088 1 3
4089 1 3
4090 1 2
4091 1 2
4092 1 3
4093 1 2
4094 1 2
4095 1 3
4096 1 3
4097 1 3
4098 1 2
4099 1 2
4100 1 3
4101 1 2
4102 1 1
4103 1 3
4104 1 2
4105 1 2
4106 1 3
4107 1 2
4108 1 2
4109 1 3
4110 1 3
4111 1 2
4112 1 1
4113 1 1
4114 1 3
4115 1 1
4116 1 2
4117 1 2
4118 1 3
4119 1 1
4120 1 1
4121 1 2
4122 1 1
4123 1 3
4124 1 3
4125 1 2
4126 1 2
4127 1 2
4128 1 1
4129 1 2
4130 1 1
4131 1 2
4132 1 3
4133 1 3
4134 1 3
4135 1 3
4136 1 2
4137 1 2
4138 1 3
4139 1 1
4140 1 1
4141 1 3
4142 1 3
4143 1 2
4144 1 1
4145 1 1
4146 1 2
4147 1 2
4148 1 3
4149 1 2
4150 1 3
4151 1 1
4152 1 3
4153 1 3
4154 1 1
4155 1 3
4156 1 2
4157 1 3
4158 1 2
4159 1 3
4160 1 2
4161 1 2
4162 1 1
4163 1 2
4164 1 2
4165 1 3
4166 1 3
4167 1 2
4168 1 3
4169 1 3
4170 1 2
4171 1 2
4172 1 3
4173 1 3
4174 1 2
4175 1 1
4176 1 3
4177 1 2
4178 1 2
4179 1 3
4180 1 1
4181 1 2
4182 1 1
4183 1 3
4184 1 1
4185 1 3
4186 1 2
4187 1 3
4188 1 2
4189 1 1
4190 1 3
4191 1 2
4192 1 3
4193 1 3
4194 1 3
4195 1 3
4196 1 3
4197 1 2
4198 1 2
4199 1 2
4200 1 3
4201 1 2
4202 1 1
4203 1 3
4204 1 2
4205 1 3
4206 1 2
4207 1 3
4208 1 2
4209 1 1
4210 1 1
4211 1 2
4212 1 3
4213 1 2
4214 1 2
4215 1 3
4216 1 1
4217 1 1
4218 1 3
4219 1 2
4220 1 3
4221 1 2
4222 1 2
4223 1 3
4224 1 1
4225 1 3
4226 1 2
4227 1 3
4228 1 3
4229 1 2
4230 1 2
4231 1 3
4232 1 2
4233 1 2
4234 1 3
4235 1 2
4236 1 2
4237 1 1
4238 1 2
4239 1 3
4240 1 1
4241 1 3
4242 1 2
4243 1 3
4244 1 3
4245 1 2
4246 1 3
4247 1 2
4248 1 2
4249 1 3
4250 1 3
4251 1 2
4252 1 2
4253 1 1
4254 1 2
4255 1 3
4256 1 1
4257 1 3
4258 1 1
4259 1 2
4260 1 3
4261 1 2
4262 1 3
4263 1 3
4264 1 3
4265 1 3
4266 1 1
4267 1 1
4268 1 2
4269 1 1
4270 1 2
4271 1 2
4272 1 3
4273 1 1
4274 1 2
4275 1 2
4276 1 3
4277 1 3
4278 1 2
4279 1 3
4280 1 3
4281 1 3
4282 1 3
4283 1 3
4284 1 2
4285 1 1
4286 1 2
4287 1 2
4288 1 1
4289 1 2
4290 1 3
4291 1 3
4292 1 2
4293 1 2
4294 1 2
4295 1 2
4296 1 2
4297 1 2
4298 1 2
4299 1 2
4300 1 2
4301 1 3
4302 1 3
4303 1 3
4304 1 2
4305 1 2
4306 1 3
4307 1 2
4308 1 3
4309 1 3
4310 1 2
4311 1 2
4312 1 2
4313 1 3
4314 1 2
4315 1 3
4316 1 2
4317 1 1
4318 1 3
4319 1 1
4320 1 3
4321 1 1
4322 1 2
4323 1 1
4324 1 2
4325 1 3
4326 1 3
4327 1 2
4328 1 2
4329 1 2
4330 1 2
4331 1 1
4332 1 3
4333 1 3
4334 1 2
4335 1 1
4336 1 1
4337 1 3
4338 1 2
4339 1 1
4340 1 1
4341 1 2
4342 1 3
4343 1 2
4344 1 1
4345 1 1
4346 1 2
4347 1 3
4348 1 1
4349 1 3
4350 1 2
4351 1 3
4352 1 1
4353 1 3
4354 1 2
4355 1 2
4356 1 3
4357 1 2
4358 1 2
4359 1 1
4360 1 1
4361 1 2
4362 1 3
4363 1 3
4364 1 3
4365 1 3
4366 1 1
4367 1 1
4368 1 1
4369 1 2
4370 1 2
4371 1 2
4372 1 2
4373 1 2
4374 1 2
4375 1 2
4376 1 2
4377 1 2
4378 1 1
4379 1 1
4380 1 3
4381 1 2
4382 1 3
4383 1 2
4384 1 2
4385 1 2
4386 1 1
4387 1 2
4388 1 1
4389 1 3
4390 1 2
4391 1 1
4392 1 2
4393 1 3
4394 1 1
4395 1 2
4396 1 1
4397 1 2
4398 1 3
4399 1 2
4400 1 3
4401 1 2
4402 1 1
4403 1 3
4404 1 2
4405 1 2
4406 1 2
4407 1 2
4408 1 2
4409 1 3
4410 1 2
4411 1 2
4412 1 2
4413 1 3
4414 1 3
4415 1 2
4416 1 3
4417 1 1
4418 1 3
4419 1 1
4420 1 2
4421 1 3
4422 1 1
4423 1 3
4424 1 3
4425 1 1
4426 1 3
4427 1 3
4428 1 3
4429 1 3
4430 1 3
4431 1 1
4432 1 2
4433 1 3
4434 1 3
4435 1 2
4436 1 3
4437 1 2
4438 1 2
4439 1 2
4440 1 3
4441 1 1
4442 1 2
4443 1 3
4444 1 3
4445 1 3
4446 1 2
4447 1 2
4448 1 2
4449 1 2
4450 1 2
4451 1 3
4452 1 1
4453 1 2
4454 1 1
4455 1 2
4456 1 2
4457 1 2
4458 1 3
4459 1 3
4460 1 2
4461 1 3
4462 1 3
4463 1 1
4464 1 1
4465 1 2
4466 1 2
4467 1 3
4468 1 1
4469 1 3
4470 1 3
4471 1 2
4472 1 3
4473 1 3
4474 1 2
4475 1 2
4476 1 1
4477 1 2
4478 1 2
4479 1 2
4480 1 2
4481 1 2
4482 1 1
4483 1 3
4484 1 3
4485 1 3
4486 1 3
4487 1 3
4488 1 1
4489 1 2
4490 1 2
4491 1 2
4492 1 1
4493 1 2
4494 1 3
4495 1 3
4496 1 3
4497 1 3
4498 1 2
4499 1 3
4500 1 2
4501 1 1
4502 1 2
4503 1 3
4504 1 2
4505 1 2
4506 1 3
4507 1 3
4508 1 3
4509 1 1
4510 1 1
4511 1 1
4512 1 3
4513 1 2
4514 1 2
4515 1 3
4516 1 2
4517 1 3
4518 1 3
4519 1 3
4520 1 3
4521 1 3
4522 1 2
4523 1 3
4524 1 3
4525 1 2
4526 1 3
4527 1 3
4528 1 3
4529 1 2
4530 1 3
4531 1 3
4532 1 2
4533 1 1
4534 1 1
4535 1 2
4536 1 2
4537 1 1
4538 1 3
4539 1 3
4540 1 3
4541 1 2
4542 1 1
4543 1 1
4544 1 2
4545 1 3
4546 1 2
4547 1 2
4548 1 3
4549 1 2
4550 1 3
4551 1 3
4552 1 1
4553 1 2
4554 1 2
4555 1 2
4556 1 3
4557 1 3
4558 1 1
4559 1 2
4560 1 2
4561 1 3
4562 1 3
4563 1 3
4564 1 2
4565 1 2
4566 1 1
4567 1 2
4568 1 1
4569 1 3
4570 1 1
4571 1 3
4572 1 3
4573 1 1
4574 1 1
4575 1 1
4576 1 1
4577 1 3
4578 1 2
4579 1 3
4580 1 2
4581 1 2
4582 1 1
4583 1 2
4584 1 3
4585 1 2
4586 1 3
4587 1 3
4588 1 2
4589 1 2
4590 1 2
4591 1 3
4592 1 2
4593 1 2
4594 1 1
4595 1 1
4596 1 2
4597 1 3
4598 1 2
4599 1 2
4600 1 2
4601 1 3
4602 1 2
4603 1 3
4604 1 1
4605 1 3
4606 1 3
4607 1 1
4608 1 1
4609 1 1
4610 1 3
4611 1 2
4612 1 3
4613 1 3
4614 1 3
4615 1 3
4616 1 2
4617 1 2
4618 1 3
4619 1 3
4620 1 2
4621 1 3
4622 1 1
4623 1 2
4624 1 2
4625 1 3
4626 1 3
4627 1 3
4628 1 1
4629 1 3
4630 1 3
4631 1 2
4632 1 3
4633 1 3
4634 1 1
4635 1 2
4636 1 3
4637 1 3
4638 1 3
4639 1 1
4640 1 3
4641 1 2
4642 1 3
4643 1 1
4644 1 3
4645 1 3
4646 1 3
4647 1 1
4648 1 2
4649 1 1
4650 1 2
4651 1 1
4652 1 2
4653 1 1
4654 1 3
4655 1 3
4656 1 2
4657 1 3
4658 1 2
4659 1 2
4660 1 3
4661 1 1
4662 1 3
4663 1 3
4664 1 2
4665 1 3
4666 1 3
4667 1 2
4668 1 3
4669 1 2
4670 1 2
4671 1 2
4672 1 2
4673 1 3
4674 1 3
4675 1 2
4676 1 3
4677 1 2
4678 1 3
4679 1 3
4680 1 2
4681 1 2
4682 1 1
4683 1 3
4684 1 1
4685 1 3
4686 1 3
4687 1 2
4688 1 3
4689 1 1
4690 1 1
4691 1 2
4692 1 2
4693 1 2
4694 1 3
4695 1 2
4696 1 3
4697 1 1
4698 1 1
4699 1 3
4700 1 3
4701 1 2
4702 1 2
4703 1 1
4704 1 3
4705 1 3
4706 1 3
4707 1 2
4708 1 2
4709 1 2
4710 1 3
4711 1 2
4712 1 2
4713 1 3
4714 1 2
4715 1 1
4716 1 2
4717 1 3
4718 1 3
4719 1 2
4720 1 2
4721 1 2
4722 1 2
4723 1 3
4724 1 2
4725 1 1
4726 1 2
4727 1 2
4728 1 3
4729 1 3
4730 1 3
4731 1 1
4732 1 2
4733 1 2
4734 1 3
4735 1 2
4736 1 2
4737 1 1
4738 1 2
4739 1 1
4740 1 3
4741 1 1
4742 1 3
4743 1 2
4744 1 2
4745 1 3
4746 1 3
4747 1 1
4748 1 1
4749 1 1
4750 1 2
4751 1 1
4752 1 2
4753 1 2
4754 1 2
4755 1 3
4756 1 2
4757 1 1
4758 1 2
4759 1 2
4760 1 3
4761 1 2
4762 1 3
4763 1 3
4764 1 3
4765 1 1
4766 1 1
4767 1 2
4768 1 1
4769 1 3
4770 1 2
4771 1 3
4772 1 1
4773 1 1
4774 1 3
4775 1 3
4776 1 3
4777 1 2
4778 1 3
4779 1 1
4780 1 3
4781 1 3
4782 1 3
4783 1 3
4784 1 3
4785 1 3
4786 1 3
4787 1 2
4788 1 3
4789 1 2
4790 1 2
4791 1 1
4792 1 2
4793 1 2
4794 1 1
4795 1 2
4796 1 2
4797 1 2
4798 1 2
4799 1 3
4800 1 2
4801 1 2
4802 1 3
4803 1 1
4804 1 1
4805 1 1
4806 1 3
4807 1 3
4808 1 2
4809 1 3
4810 1 3
4811 1 3
4812 1 1
4813 1 3
4814 1 2
4815 1 3
4816 1 3
4817 1 2
4818 1 2
4819 1 3
4820 1 2
4821 1 2
4822 1 2
4823 1 2
4824 1 3
4825 1 2
4826 1 3
4827 1 1
4828 1 3
4829 1 3
4830 1 3
4831 1 1
4832 1 3
4833 1 2
4834 1 3
4835 1 1
4836 1 3
4837 1 2
4838 1 2
4839 1 3
4840 1 2
4841 1 2
4842 1 3
4843 1 3
4844 1 1
4845 1 3
4846 1 2
4847 1 1
4848 1 2
4849 1 1
4850 1 3
4851 1 2
4852 1 3
4853 1 3
4854 1 2
4855 1 2
4856 1 2
4857 1 3
4858 1 2
4859 1 2
4860 1 2
4861 1 2
4862 1 2
4863 1 3
4864 1 2
4865 1 3
4866 1 3
4867 1 3
4868 1 2
4869 1 2
4870 1 1
4871 1 1
4872 1 2
4873 1 1
4874 1 2
4875 1 3
4876 1 1
4877 1 3
4878 1 2
4879 1 1
4880 1 3
4881 1 1
4882 1 3
4883 1 3
4884 1 3
4885 1 2
4886 1 1
4887 1 2
4888 1 2
4889 1 2
4890 1 3
4891 1 3
4892 1 1
4893 1 3
4894 1 2
4895 1 3
4896 1 2
4897 1 3
4898 1 1
4899 1 3
4900 1 2
4901 1 3
4902 1 1
4903 1 1
4904 1 2
4905 1 3
4906 1 3
4907 1 2
4908 1 1
4909 1 1
4910 1 2
4911 1 1
4912 1 2
4913 1 2
4914 1 1
4915 1 2
4916 1 3
4917 1 3
4918 1 2
4919 1 3
4920 1 3
4921 1 2
4922 1 2
4923 1 3
4924 1 2
4925 1 2
4926 1 3
4927 1 1
4928 1 2
4929 1 2
4930 1 3
4931 1 3
4932 1 3
4933 1 3
4934 1 3
4935 1 3
4936 1 3
4937 1 2
4938 1 3
4939 1 1
4940 1 3
4941 1 3
4942 1 1
4943 1 3
4944 1 2
4945 1 3
4946 1 1
4947 1 1
4948 1 2
4949 1 1
4950 1 2
4951 1 1
4952 1 1
4953 1 3
4954 1 1
4955 1 3
4956 1 1
4957 1 1
4958 1 3
4959 1 3
4960 1 3
4961 1 2
4962 1 1
4963 1 2
4964 1 2
4965 1 1
4966 1 3
4967 1 3
4968 1 2
4969 1 2
4970 1 2
4971 1 3
4972 1 1
4973 1 3
4974 1 3
4975 1 3
4976 1 2
4977 1 2
4978 1 1
4979 1 1
4980 1 3
4981 1 3
4982 1 2
4983 1 3
4984 1 2
4985 1 1
4986 1 2
4987 1 2
4988 1 2
4989 1 2
4990 1 2
4991 1 1
4992 1 3
4993 1 1
4994 1 3
4995 1 1
4996 1 1
4997 1 2
4998 1 3
4999 1 3
5000 1 3
5001 1 2
5002 1 3
5003 1 1
5004 1 1
5005 1 2
5006 1 2
5007 1 3
5008 1 3
5009 1 3
5010 1 3
5011 1 3
5012 1 3
5013 1 2
5014 1 3
5015 1 2
5016 1 2
5017 1 1
5018 1 3
5019 1 1
5020 1 1
5021 1 1
5022 1 2
5023 1 3
5024 1 2
5025 1 2
5026 1 3
5027 1 2
5028 1 3
5029 1 2
5030 1 1
5031 1 3
5032 1 2
5033 1 3
5034 1 3
5035 1 1
5036 1 1
5037 1 2
5038 1 1
5039 1 1
5040 1 1
5041 1 3
5042 1 1
5043 1 1
5044 1 2
5045 1 2
5046 1 2
5047 1 1
5048 1 2
5049 1 3
5050 1 3
5051 1 2
5052 1 3
5053 1 1
5054 1 1
5055 1 2
5056 1 3
5057 1 3
5058 1 2
5059 1 3
5060 1 2
5061 1 2
5062 1 2
5063 1 1
5064 1 2
5065 1 1
5066 1 3
5067 1 3
5068 1 3
5069 1 3
5070 1 2
5071 1 2
5072 1 1
5073 1 2
5074 1 3
5075 1 3
5076 1 2
5077 1 1
5078 1 2
5079 1 3
5080 1 2
5081 1 3
5082 1 2
5083 1 3
5084 1 2
5085 1 1
5086 1 3
5087 1 3
5088 1 2
5089 1 1
5090 1 3
5091 1 1
5092 1 2
5093 1 1
5094 1 2
5095 1 3
5096 1 2
5097 1 2
5098 1 2
5099 1 2
5100 1 3
5101 1 1
5102 1 3
5103 1 3
5104 1 2
5105 1 1
5106 1 3
5107 1 1
5108 1 2
5109 1 2
5110 1 3
5111 1 1
5112 1 3
5113 1 1
5114 1 3
5115 1 2
5116 1 1
5117 1 2
5118 1 3
5119 1 3
5120 1 2
5121 1 3
5122 1 3
5123 1 3
5124 1 3
5125 1 1
5126 1 1
5127 1 3
5128 1 2
5129 1 2
5130 1 2
5131 1 2
5132 1 2
5133 1 3
5134 1 1
5135 1 3
5136 1 3
5137 1 2
5138 1 3
5139 1 1
5140 1 3
5141 1 1
5142 1 2
5143 1 3
5144 1 1
5145 1 3
5146 1 2
5147 1 2
5148 1 1
5149 1 2
5150 1 3
5151 1 1
5152 1 3
5153 1 2
5154 1 2
5155 1 3
5156 1 2
5157 1 3
5158 1 1
5159 1 3
5160 1 3
5161 1 2
5162 1 3
5163 1 2
5164 1 3
5165 1 2
5166 1 2
5167 1 3
5168 1 3
5169 1 2
5170 1 2
5171 1 2
5172 1 1
5173 1 1
5174 1 2
5175 1 2
5176 1 2
5177 1 2
5178 1 3
5179 1 3
5180 1 3
5181 1 3
5182 1 3
5183 1 2
5184 1 2
5185 1 3
5186 1 2
5187 1 3
5188 1 3
5189 1 1
5190 1 2
5191 1 1
5192 1 3
5193 1 2
5194 1 2
5195 1 3
5196 1 3
5197 1 3
5198 1 2
5199 1 1
5200 1 2
5201 1 2
5202 1 2
5203 1 3
5204 1 3
5205 1 2
5206 1 3
5207 1 2
5208 1 2
5209 1 2
5210 1 3
5211 1 3
5212 1 3
5213 1 2
5214 1 3
5215 1 3
5216 1 3
5217 1 2
5218 1 3
5219 1 3
5220 1 1
5221 1 1
5222 1 2
5223 1 2
5224 1 2
5225 1 3
5226 1 2
5227 1 2
5228 1 1
5229 1 2
5230 1 1
5231 1 2
5232 1 3
5233 1 2
5234 1 2
5235 1 2
5236 1 2
5237 1 1
5238 1 2
5239 1 3
5240 1 1
5241 1 3
5242 1 2
5243 1 3
5244 1 1
5245 1 3
5246 1 2
5247 1 3
5248 1 3
5249 1 3
5250 1 2
5251 1 2
5252 1 3
5253 1 3
5254 1 2
5255 1 2
5256 1 2
5257 1 2
5258 1 2
5259 1 1
5260 1 3
5261 1 2
5262 1 1
5263 1 2
5264 1 1
5265 1 2
5266 1 2
5267 1 2
5268 1 3
5269 1 1
5270 1 3
5271 1 3
5272 1 3
5273 1 2
5274 1 2
5275 1 1
5276 1 3
5277 1 1
5278 1 1
5279 1 3
5280 1 3
5281 1 2
5282 1 1
5283 1 2
5284 1 2
5285 1 3
5286 1 1
5287 1 2
5288 1 3
5289 1 1
5290 1 2
5291 1 3
5292 1 1
5293 1 3
5294 1 2
5295 1 3
5296 1 3
5297 1 2
5298 1 3
5299 1 3
5300 1 1
5301 1 2
5302 1 1
5303 1 1
5304 1 2
5305 1 3
5306 1 3
5307 1 2
5308 1 1
5309 1 2
5310 1 1
5311 1 3
5312 1 3
5313 1 2
5314 1 3
5315 1 3
5316 1 1
5317 1 3
5318 1 1
5319 1 2
5320 1 3
5321 1 1
5322 1 1
5323 1 3
5324 1 3
5325 1 1
5326 1 3
5327 1 2
5328 1 2
5329 1 1
5330 1 2
5331 1 3
5332 1 3
5333 1 1
5334 1 2
5335 1 1
5336 1 3
5337 1 3
5338 1 2
5339 1 1
5340 1 2
5341 1 1
5342 1 2
5343 1 1
5344 1 3
5345 1 3
5346 1 2
5347 1 1
5348 1 2
5349 1 3
5350 1 2
5351 1 3
5352 1 2
5353 1 2
5354 1 2
5355 1 2
5356 1 2
5357 1 2
5358 1 1
5359 1 2
5360 1 3
5361 1 2
5362 1 1
5363 1 3
5364 1 1
5365 1 3
5366 1 2
5367 1 1
5368 1 2
5369 1 3
5370 1 2
5371 1 2
5372 1 2
5373 1 2
5374 1 2
5375 1 2
5376 1 3
5377 1 2
5378 1 1
5379 1 1
5380 1 2
5381 1 1
5382 1 1
5383 1 3
5384 1 2
5385 1 2
5386 1 1
5387 1 2
5388 1 1
5389 1 3
5390 1 1
5391 1 3
5392 1 2
5393 1 3
5394 1 3
5395 1 2
5396 1 3
5397 1 3
5398 1 3
5399 1 1
5400 1 3
5401 1 2
5402 1 3
5403 1 3
5404 1 1
5405 1 2
5406 1 2
5407 1 3
5408 1 2
5409 1 3
5410 1 1
5411 1 1
5412 1 2
5413 1 3
5414 1 3
5415 1 2
5416 1 3
5417 1 2
5418 1 1
5419 1 1
5420 1 3
5421 1 2
5422 1 2
5423 1 1
5424 1 2
5425 1 1
5426 1 3
5427 1 2
5428 1 2
5429 1 3
5430 1 3
5431 1 2
5432 1 2
5433 1 3
5434 1 3
5435 1 3
5436 1 3
5437 1 1
5438 1 1
5439 1 1
5440 1 3
5441 1 3
5442 1 2
5443 1 3
5444 1 2
5445 1 2
5446 1 2
5447 1 2
5448 1 2
5449 1 2
5450 1 3
5451 1 2
5452 1 2
5453 1 3
5454 1 1
5455 1 2
5456 1 3
5457 1 2
5458 1 3
5459 1 1
5460 1 3
5461 1 2
5462 1 2
5463 1 2
5464 1 2
5465 1 3
5466 1 3
5467 1 3
5468 1 2
5469 1 2
5470 1 3
5471 1 3
5472 1 3
5473 1 2
5474 1 3
5475 1 3
5476 1 3
5477 1 1
5478 1 2
5479 1 3
5480 1 1
5481 1 3
5482 1 1
5483 1 1
5484 1 1
5485 1 2
5486 1 2
5487 1 1
5488 1 3
5489 1 3
5490 1 2
5491 1 3
5492 1 2
5493 1 2
5494 1 1
5495 1 3
5496 1 3
5497 1 2
5498 1 3
5499 1 2
5500 1 2
5501 1 1
5502 1 2
5503 1 3
5504 1 2
5505 1 1
5506 1 3
5507 1 1
5508 1 2
5509 1 2
5510 1 2
5511 1 3
5512 1 3
5513 1 3
5514 1 3
5515 1 2
5516 1 2
5517 1 1
5518 1 1
5519 1 3
5520 1 2
5521 1 3
5522 1 2
5523 1 3
5524 1 3
5525 1 2
5526 1 3
5527 1 3
5528 1 1
5529 1 1
5530 1 3
5531 1 2
5532 1 1
5533 1 2
5534 1 1
5535 1 3
5536 1 3
5537 1 2
5538 1 3
5539 1 2
5540 1 2
5541 1 3
5542 1 3
5543 1 2
5544 1 2
5545 1 3
5546 1 2
5547 1 3
5548 1 2
5549 1 2
5550 1 2
5551 1 2
5552 1 3
5553 1 3
5554 1 2
5555 1 1
5556 1 2
5557 1 2
5558 1 3
5559 1 1
5560 1 3
5561 1 2
5562 1 1
5563 1 1
5564 1 1
5565 1 2
5566 1 3
5567 1 2
5568 1 1
5569 1 1
5570 1 1
5571 1 3
5572 1 3
5573 1 2
5574 1 3
5575 1 3
5576 1 2
5577 1 3
5578 1 3
5579 1 2
5580 1 1
5581 1 2
5582 1 2
5583 1 2
5584 1 1
5585 1 1
5586 1 3
5587 1 1
5588 1 2
5589 1 3
5590 1 2
5591 1 1
5592 1 2
5593 1 2
5594 1 1
5595 1 2
5596 1 2
5597 1 1
5598 1 3
5599 1 2
5600 1 2
5601 1 3
5602 1 2
5603 1 2
5604 1 2
5605 1 2
5606 1 1
5607 1 3
5608 1 3
5609 1 2
5610 1 2
5611 1 3
5612 1 3
5613 1 3
5614 1 3
5615 1 3
5616 1 2
5617 1 2
5618 1 3
5619 1 2
5620 1 1
5621 1 2
5622 1 3
5623 1 3
5624 1 2
5625 1 3
5626 1 2
5627 1 3
5628 1 1
5629 1 2
5630 1 2
5631 1 3
5632 1 1
5633 1 1
5634 1 3
5635 1 1
5636 1 2
5637 1 1
5638 1 3
5639 1 1
5640 1 3
5641 1 3
5642 1 3
5643 1 3
5644 1 2
5645 1 3
5646 1 3
5647 1 1
5648 1 2
5649 1 3
5650 1 3
5651 1 2
5652 1 2
5653 1 2
5654 1 3
5655 1 2
5656 1 1
5657 1 1
5658 1 1
5659 1 3
5660 1 3
5661 1 3
5662 1 2
5663 1 3
5664 1 3
5665 1 1
5666 1 2
5667 1 3
5668 1 2
5669 1 3
5670 1 1
5671 1 3
5672 1 3
5673 1 1
5674 1 2
5675 1 2
5676 1 2
5677 1 1
5678 1 3
5679 1 3
5680 1 1
5681 1 2
5682 1 3
5683 1 2
5684 1 2
5685 1 2
5686 1 3
5687 1 2
5688 1 3
5689 1 3
5690 1 3
5691 1 1
5692 1 2
5693 1 3
5694 1 3
5695 1 3
5696 1 3
5697 1 3
5698 1 1
5699 1 3
5700 1 1
5701 1 2
5702 1 1
5703 1 2
5704 1 2
5705 1 1
5706 1 3
5707 1 1
5708 1 1
5709 1 3
5710 1 2
5711 1 2
5712 1 3
5713 1 2
5714 1 2
5715 1 1
5716 1 2
5717 1 2
5718 1 1
5719 1 2
5720 1 2
5721 1 3
5722 1 3
5723 1 1
5724 1 3
5725 1 2
5726 1 3
5727 1 2
5728 1 2
5729 1 2
5730 1 3
5731 1 2
5732 1 2
5733 1 2
5734 1 1
5735 1 2
5736 1 2
5737 1 2
5738 1 2
5739 1 3
5740 1 2
5741 1 1
5742 1 1
5743 1 3
5744 1 3
5745 1 1
5746 1 2
5747 1 1
5748 1 2
5749 1 2
5750 1 3
5751 1 2
5752 1 2
5753 1 2
5754 1 3
5755 1 3
5756 1 2
5757 1 2
5758 1 2
5759 1 3
5760 1 2
5761 1 3
5762 1 1
5763 1 2
5764 1 1
5765 1 2
5766 1 3
5767 1 3
5768 1 2
5769 1 3
5770 1 3
5771 1 1
5772 1 1
5773 1 3
5774 1 1
5775 1 2
5776 1 3
5777 1 1
5778 1 2
5779 1 2
5780 1 2
5781 1 2
5782 1 2
5783 1 1
5784 1 2
5785 1 2
5786 1 2
5787 1 2
5788 1 3
5789 1 2
5790 1 3
5791 1 3
5792 1 3
5793 1 2
5794 1 1
5795 1 1
5796 1 2
5797 1 3
5798 1 3
5799 1 2
5800 1 1
5801 1 3
5802 1 3
5803 1 3
5804 1 3
5805 1 3
5806 1 3
5807 1 2
5808 1 3
5809 1 1
5810 1 2
5811 1 3
5812 1 3
5813 1 3
5814 1 3
5815 1 1
5816 1 2
5817 1 3
5818 1 3
5819 1 2
5820 1 2
5821 1 3
5822 1 1
5823 1 3
5824 1 2
5825 1 2
5826 1 3
5827 1 3
5828 1 3
5829 1 3
5830 1 2
5831 1 1
5832 1 3
5833 1 3
5834 1 1
5835 1 2
5836 1 3
5837 1 3
5838 1 3
5839 1 3
5840 1 1
5841 1 3
5842 1 2
5843 1 2
5844 1 2
5845 1 3
5846 1 3
5847 1 2
5848 1 2
5849 1 1
5850 1 3
5851 1 1
5852 1 2
5853 1 3
5854 1 2
5855 1 2
5856 1 1
5857 1 2
5858 1 3
5859 1 3
5860 1 2
5861 1 1
5862 1 2
5863 1 3
5864 1 2
5865 1 2
5866 1 2
5867 1 3
5868 1 2
5869 1 3
5870 1 2
5871 1 3
5872 1 3
5873 1 2
5874 1 2
5875 1 2
5876 1 3
5877 1 1
5878 1 3
5879 1 2
5880 1 2
5881 1 3
5882 1 2
5883 1 2
5884 1 2
5885 1 3
5886 1 1
5887 1 3
5888 1 3
5889 1 1
5890 1 2
5891 1 2
5892 1 3
5893 1 2
5894 1 3
5895 1 2
5896 1 3
5897 1 2
5898 1 3
5899 1 1
5900 1 3
5901 1 1
5902 1 3
5903 1 1
5904 1 3
5905 1 3
5906 1 2
5907 1 2
5908 1 1
5909 1 3
5910 1 3
5911 1 1
5912 1 2
5913 1 3
5914 1 3
5915 1 3
5916 1 3
5917 1 2
5918 1 2
5919 1 1
5920 1 2
5921 1 3
5922 1 1
5923 1 3
5924 1 1
5925 1 3
5926 1 2
5927 1 3
5928 1 3
5929 1 3
5930 1 1
5931 1 3
5932 1 1
5933 1 2
5934 1 3
5935 1 3
5936 1 1
5937 1 2
5938 1 3
5939 1 1
5940 1 2
5941 1 1
5942 1 3
5943 1 1
5944 1 1
5945 1 2
5946 1 3
5947 1 3
5948 1 2
5949 1 3
5950 1 3
5951 1 3
5952 1 3
5953 1 2
5954 1 1
5955 1 2
5956 1 3
5957 1 3
5958 1 3
5959 1 1
5960 1 2
5961 1 3
5962 1 1
5963 1 2
5964 1 3
5965 1 2
5966 1 2
5967 1 1
5968 1 1
5969 1 2
5970 1 3
5971 1 3
5972 1 3
5973 1 3
5974 1 2
5975 1 3
5976 1 3
5977 1 2
5978 1 3
5979 1 3
5980 1 3
5981 1 2
5982 1 2
5983 1 1
5984 1 3
5985 1 1
5986 1 2
5987 1 2
5988 1 1
5989 1 2
5990 1 3
5991 1 3
5992 1 2
5993 1 2
5994 1 1
5995 1 1
5996 1 2
5997 1 3
5998 1 2
5999 1 3
6000 1 2
6001 1 2
6002 1 2
6003 1 2
6004 1 2
6005 1 2
6006 1 3
6007 1 2
6008 1 2
6009 1 3
6010 1 2
6011 1 2
6012 1 2
6013 1 2
6014 1 1
6015 1 1
6016 1 2
6017 1 3
6018 1 2
6019 1 1
6020 1 3
6021 1 2
6022 1 3
6023 1 3
6024 1 1
6025 1 2
6026 1 2
6027 1 2
6028 1 1
6029 1 2
6030 1 1
6031 1 1
6032 1 2
6033 1 3
6034 1 1
6035 1 1
6036 1 3
6037 1 3
6038 1 2
6039 1 2
6040 1 2
6041 1 3
6042 1 2
6043 1 2
6044 1 2
6045 1 2
6046 1 1
6047 1 3
6048 1 2
6049 1 3
6050 1 2
6051 1 3
6052 1 2
6053 1 3
6054 1 1
6055 1 3
6056 1 2
6057 1 3
6058 1 2
6059 1 3
6060 1 3
6061 1 2
6062 1 1
6063 1 3
6064 1 1
6065 1 3
6066 1 1
6067 1 2
6068 1 2
6069 1 2
6070 1 3
6071 1 3
6072 1 3
6073 1 2
6074 1 3
6075 1 2
6076 1 3
6077 1 3
6078 1 1
6079 1 2
6080 1 3
6081 1 2
6082 1 1
6083 1 1
6084 1 1
6085 1 3
6086 1 1
6087 1 2
6088 1 2
6089 1 3
6090 1 1
6091 1 3
6092 1 2
6093 1 3
6094 1 1
6095 1 3
6096 1 1
6097 1 3
6098 1 2
6099 1 3
6100 1 2
6101 1 3
6102 1 3
6103 1 2
6104 1 3
6105 1 2
6106 1 3
6107 1 3
6108 1 1
6109 1 2
6110 1 1
6111 1 2
6112 1 1
6113 1 2
6114 1 1
6115 1 2
6116 1 3
6117 1 3
6118 1 2
6119 1 2
6120 1 2
6121 1 2
6122 1 2
6123 1 3
6124 1 2
6125 1 2
6126 1 3
6127 1 3
6128 1 3
6129 1 2
6130 1 1
6131 1 3
6132 1 3
6133 1 3
6134 1 3
6135 1 3
6136 1 3
6137 1 2
6138 1 3
6139 1 3
6140 1 3
6141 1 3
6142 1 3
6143 1 1
6144 1 2
6145 1 2
6146 1 3
6147 1 3
6148 1 1
6149 1 2
6150 1 2
6151 1 3
6152 1 1
6153 1 3
6154 1 2
6155 1 1
6156 1 1
6157 1 2
6158 1 2
6159 1 2
6160 1 3
6161 1 3
6162 1 2
6163 1 3
6164 1 2
6165 1 2
6166 1 2
6167 1 1
6168 1 3
6169 1 2
6170 1 2
6171 1 3
6172 1 1
6173 1 1
6174 1 3
6175 1 1
6176 1 3
6177 1 3
6178 1 3
6179 1 3
6180 1 2
6181 1 3
6182 1 1
6183 1 2
6184 1 2
6185 1 2
6186 1 3
6187 1 2
6188 1 3
6189 1 2
6190 1 2
6191 1 2
6192 1 2
6193 1 3
6194 1 1
6195 1 3
6196 1 1
6197 1 2
6198 1 3
6199 1 1
6200 1 2
6201 1 3
6202 1 3
6203 1 2
6204 1 3
6205 1 1
6206 1 3
6207 1 3
6208 1 3
6209 1 3
6210 1 3
6211 1 3
6212 1 2
6213 1 2
6214 1 3
6215 1 2
6216 1 1
6217 1 3
6218 1 2
6219 1 3
6220 1 3
6221 1 3
6222 1 3
6223 1 2
6224 1 2
6225 1 3
6226 1 1
6227 1 3
6228 1 3
6229 1 3
6230 1 3
6231 1 1
6232 1 3
6233 1 2
6234 1 3
6235 1 3
6236 1 3
6237 1 2
6238 1 3
6239 1 3
6240 1 2
6241 1 3
6242 1 2
6243 1 2
6244 1 3
6245 1 2
6246 1 3
6247 1 3
6248 1 2
6249 1 3
6250 1 1
6251 1 2
6252 1 2
6253 1 2
6254 1 1
6255 1 3
6256 1 3
6257 1 1
6258 1 3
6259 1 1
6260 1 3
6261 1 3
6262 1 2
6263 1 3
6264 1 2
6265 1 2
6266 1 1
6267 1 2
6268 1 2
6269 1 2
6270 1 2
6271 1 2
6272 1 3
6273 1 3
6274 1 2
6275 1 3
6276 1 1
6277 1 2
6278 1 2
6279 1 3
6280 1 1
6281 1 2
6282 1 3
6283 1 1
6284 1 3
6285 1 3
6286 1 3
6287 1 2
6288 1 3
6289 1 1
6290 1 3
6291 1 3
6292 1 2
6293 1 3
6294 1 2
6295 1 3
6296 1 1
6297 1 1
6298 1 3
6299 1 3
6300 1 1
6301 1 1
6302 1 2
6303 1 2
6304 1 3
6305 1 2
6306 1 2
6307 1 3
6308 1 1
6309 1 3
6310 1 2
6311 1 2
6312 1 2
6313 1 2
6314 1 3
6315 1 2
6316 1 1
6317 1 3
6318 1 3
6319 1 3
6320 1 1
6321 1 1
6322 1 3
6323 1 2
6324 1 2
6325 1 1
6326 1 2
6327 1 2
6328 1 3
6329 1 3
6330 1 1
6331 1 1
6332 1 3
6333 1 2
6334 1 2
6335 1 2
6336 1 2
6337 1 3
6338 1 3
6339 1 3
6340 1 2
6341 1 3
6342 1 2
6343 1 1
6344 1 3
6345 1 1
6346 1 3
6347 1 1
6348 1 2
6349 1 3
6350 1 3
6351 1 3
6352 1 2
6353 1 1
6354 1 3
6355 1 3
6356 1 3
6357 1 2
6358 1 3
6359 1 3
6360 1 2
6361 1 3
6362 1 2
6363 1 2
6364 1 3
6365 1 1
6366 1 3
6367 1 1
6368 1 3
6369 1 3
6370 1 1
6371 1 1
6372 1 1
6373 1 3
6374 1 1
6375 1 1
6376 1 3
6377 1 2
6378 1 2
6379 1 2
6380 1 1
6381 1 2
6382 1 3
6383 1 2
6384 1 3
6385 1 2
6386 1 3
6387 1 2
6388 1 1
6389 1 3
6390 1 1
6391 1 2
6392 1 2
6393 1 2
6394 1 3
6395 1 2
6396 1 3
6397 1 3
6398 1 2
6399 1 3
6400 1 3
6401 1 3
6402 1 3
6403 1 3
6404 1 2
6405 1 2
6406 1 1
6407 1 2
6408 1 1
6409 1 3
6410 1 3
6411 1 2
6412 1 3
6413 1 2
6414 1 2
6415 1 3
6416 1 3
6417 1 3
6418 1 3
6419 1 3
6420 1 3
6421 1 3
6422 1 2
6423 1 3
6424 1 1
6425 1 1
6426 1 2
6427 1 3
6428 1 3
6429 1 3
6430 1 2
6431 1 2
6432 1 3
6433 1 1
6434 1 3
6435 1 2
6436 1 3
6437 1 3
6438 1 1
6439 1 3
6440 1 1
6441 1 2
6442 1 3
6443 1 2
6444 1 3
6445 1 2
6446 1 1
6447 1 3
6448 1 2
6449 1 2
6450 1 1
6451 1 2
6452 1 2
6453 1 3
6454 1 2
6455 1 3
6456 1 2
6457 1 3
6458 1 2
6459 1 2
6460 1 3
6461 1 3
6462 1 2
6463 1 2
6464 1 3
6465 1 3
6466 1 3
6467 1 2
6468 1 3
6469 1 3
6470 1 3
6471 1 3
6472 1 2
6473 1 1
6474 1 2
6475 1 3
6476 1 3
6477 1 3
6478 1 2
6479 1 1
6480 1 2
6481 1 2
6482 1 3
6483 1 2
6484 1 2
6485 1 3
6486 1 1
6487 1 3
6488 1 3
6489 1 2
6490 1 2
6491 1 1
6492 1 3
6493 1 2
6494 1 2
6495 1 2
6496 1 3
6497 1 1
6498 1 2
6499 1 2
6500 1 2
6501 1 2
6502 1 2
6503 1 3
6504 1 1
6505 1 2
6506 1 3
6507 1 2
6508 1 2
6509 1 2
6510 1 2
6511 1 1
6512 1 3
6513 1 3
6514 1 2
6515 1 2
6516 1 2
6517 1 3
6518 1 3
6519 1 3
6520 1 3
6521 1 2
6522 1 2
6523 1 2
6524 1 2
6525 1 1
6526 1 3
6527 1 3
6528 1 3
6529 1 3
6530 1 3
6531 1 2
6532 1 1
6533 1 2
6534 1 3
6535 1 1
6536 1 2
6537 1 1
6538 1 3
6539 1 1
6540 1 2
6541 1 2
6542 1 1
6543 1 2
6544 1 1
6545 1 2
6546 1 3
6547 1 2
6548 1 2
6549 1 1
6550 1 1
6551 1 2
6552 1 2
6553 1 3
6554 1 2
6555 1 3
6556 1 2
6557 1 1
6558 1 1
6559 1 2
6560 1 2
6561 1 2
6562 1 2
6563 1 2
6564 1 2
6565 1 2
6566 1 3
6567 1 2
6568 1 1
6569 1 3
6570 1 2
6571 1 2
6572 1 2
6573 1 3
6574 1 2
6575 1 3
6576 1 3
6577 1 2
6578 1 2
6579 1 2
6580 1 3
6581 1 2
6582 1 2
6583 1 2
6584 1 2
6585 1 2
6586 1 3
6587 1 1
6588 1 1
6589 1 1
6590 1 2
6591 1 2
6592 1 3
6593 1 3
6594 1 2
6595 1 3
6596 1 3
6597 1 3
6598 1 2
6599 1 3
6600 1 3
6601 1 2
6602 1 3
6603 1 3
6604 1 3
6605 1 2
6606 1 3
6607 1 3
6608 1 3
6609 1 2
6610 1 3
6611 1 1
6612 1 1
6613 1 2
6614 1 3
6615 1 1
6616 1 2
6617 1 3
6618 1 3
6619 1 2
6620 1 3
6621 1 1
6622 1 3
6623 1 2
6624 1 2
6625 1 3
6626 1 1
6627 1 2
6628 1 3
6629 1 3
6630 1 3
6631 1 2
6632 1 1
6633 1 1
6634 1 1
6635 1 2
6636 1 3
6637 1 2
6638 1 2
6639 1 2
6640 1 3
6641 1 2
6642 1 3
6643 1 3
6644 1 3
6645 1 2
6646 1 2
6647 1 3
6648 1 3
6649 1 3
6650 1 3
6651 1 3
6652 1 1
6653 1 1
6654 1 3
6655 1 1
6656 1 1
6657 1 3
6658 1 2
6659 1 2
6660 1 1
6661 1 3
6662 1 3
6663 1 2
6664 1 1
6665 1 2
6666 1 3
6667 1 1
6668 1 3
6669 1 3
6670 1 2
6671 1 3
6672 1 2
6673 1 3
6674 1 1
6675 1 2
6676 1 3
6677 1 3
6678 1 3
6679 1 3
6680 1 3
6681 1 3
6682 1 3
6683 1 2
6684 1 2
6685 1 1
6686 1 3
6687 1 3
6688 1 2
6689 1 3
6690 1 3
6691 1 2
6692 1 3
6693 1 3
6694 1 2
6695 1 3
6696 1 1
6697 1 2
6698 1 2
6699 1 3
6700 1 1
6701 1 2
6702 1 2
6703 1 2
6704 1 1
6705 1 2
6706 1 2
6707 1 2
6708 1 1
6709 1 3
6710 1 2
6711 1 2
6712 1 3
6713 1 3
6714 1 3
6715 1 1
6716 1 3
6717 1 3
6718 1 2
6719 1 2
6720 1 3
6721 1 3
6722 1 3
6723 1 1
6724 1 3
6725 1 3
6726 1 2
6727 1 3
6728 1 3
6729 1 3
6730 1 2
6731 1 2
6732 1 1
6733 1 3
6734 1 2
6735 1 3
6736 1 2
6737 1 1
6738 1 2
6739 1 2
6740 1 2
6741 1 2
6742 1 2
6743 1 3
6744 1 2
6745 1 3
6746 1 2
6747 1 3
6748 1 3
6749 1 3
6750 1 3
6751 1 3
6752 1 3
6753 1 2
6754 1 2
6755 1 2
6756 1 3
6757 1 3
6758 1 1
6759 1 2
6760 1 3
6761 1 1
6762 1 3
6763 1 2
6764 1 2
6765 1 3
6766 1 2
6767 1 2
6768 1 1
6769 1 2
6770 1 3
6771 1 3
6772 1 2
6773 1 2
6774 1 3
6775 1 2
6776 1 3
6777 1 2
6778 1 3
6779 1 2
6780 1 1
6781 1 3
6782 1 1
6783 1 2
6784 1 2
6785 1 2
6786 1 3
6787 1 3
6788 1 2
6789 1 1
6790 1 3
6791 1 1
6792 1 2
6793 1 2
6794 1 2
6795 1 3
6796 1 2
6797 1 3
6798 1 3
6799 1 2
6800 1 3
6801 1 2
6802 1 3
6803 1 2
6804 1 3
6805 1 3
6806 1 3
6807 1 2
6808 1 3
6809 1 2
6810 1 2
6811 1 3
6812 1 3
6813 1 2
6814 1 1
6815 1 3
6816 1 2
6817 1 2
6818 1 3
6819 1 2
6820 1 2
6821 1 2
6822 1 3
6823 1 2
6824 1 3
6825 1 3
6826 1 1
6827 1 1
6828 1 1
6829 1 2
6830 1 2
6831 1 2
6832 1 3
6833 1 3
6834 1 2
6835 1 3
6836 1 3
6837 1 1
6838 1 3
6839 1 2
6840 1 3
6841 1 2
6842 1 2
6843 1 3
6844 1 2
6845 1 3
6846 1 2
6847 1 1
6848 1 3
6849 1 3
6850 1 1
6851 1 3
6852 1 3
6853 1 3
6854 1 3
6855 1 2
6856 1 1
6857 1 3
6858 1 3
6859 1 3
6860 1 1
6861 1 2
6862 1 2
6863 1 3
6864 1 1
6865 1 1
6866 1 2
6867 1 2
6868 1 3
6869 1 2
6870 1 2
6871 1 2
6872 1 2
6873 1 3
6874 1 1
6875 1 2
6876 1 1
6877 1 3
6878 1 2
6879 1 2
6880 1 3
6881 1 3
6882 1 3
6883 1 1
6884 1 3
6885 1 2
6886 1 3
6887 1 3
6888 1 2
6889 1 1
6890 1 3
6891 1 2
6892 1 3
6893 1 1
6894 1 2
6895 1 2
6896 1 2
6897 1 2
6898 1 3
6899 1 3
6900 1 1
6901 1 1
6902 1 1
6903 1 2
6904 1 3
6905 1 3
6906 1 3
6907 1 3
6908 1 1
6909 1 3
6910 1 2
6911 1 3
6912 1 2
6913 1 3
6914 1 3
6915 1 1
6916 1 3
6917 1 3
6918 1 1
6919 1 3
6920 1 2
6921 1 3
6922 1 2
6923 1 3
6924 1 1
6925 1 3
6926 1 3
6927 1 3
6928 1 2
6929 1 2
6930 1 1
6931 1 2
6932 1 3
6933 1 3
6934 1 2
6935 1 2
6936 1 3
6937 1 3
6938 1 2
6939 1 2
6940 1 2
6941 1 2
6942 1 2
6943 1 2
6944 1 1
6945 1 2
6946 1 3
6947 1 3
6948 1 1
6949 1 3
6950 1 2
6951 1 3
6952 1 2
6953 1 3
6954 1 2
6955 1 3
6956 1 2
6957 1 1
6958 1 3
6959 1 2
6960 1 3
6961 1 1
6962 1 2
6963 1 2
6964 1 3
6965 1 3
6966 1 2
6967 1 3
6968 1 2
6969 1 1
6970 1 2
6971 1 1
6972 1 1
6973 1 2
6974 1 1
6975 1 1
6976 1 1
6977 1 3
6978 1 1
6979 1 3
6980 1 1
6981 1 3
6982 1 3
6983 1 3
6984 1 3
6985 1 3
6986 1 1
6987 1 2
6988 1 3
6989 1 2
6990 1 1
6991 1 2
6992 1 3
6993 1 2
6994 1 3
6995 1 3
6996 1 2
6997 1 1
6998 1 2
6999 1 2
7000 1 3
7001 1 2
7002 1 1
7003 1 2
7004 1 1
7005 1 2
7006 1 2
7007 1 3
7008 1 2
7009 1 2
7010 1 2
7011 1 3
7012 1 2
7013 1 3
7014 1 3
7015 1 2
7016 1 1
7017 1 1
7018 1 2
7019 1 3
7020 1 2
7021 1 2
7022 1 3
7023 1 2
7024 1 1
7025 1 1
7026 1 2
7027 1 2
7028 1 1
7029 1 2
7030 1 2
7031 1 1
7032 1 3
7033 1 2
7034 1 1
7035 1 3
7036 1 3
7037 1 3
7038 1 2
7039 1 3
7040 1 1
7041 1 2
7042 1 2
7043 1 2
7044 1 2
7045 1 2
7046 1 2
7047 1 2
7048 1 2
7049 1 3
7050 1 1
7051 1 2
7052 1 1
7053 1 3
7054 1 3
7055 1 2
7056 1 3
7057 1 3
7058 1 2
7059 1 3
7060 1 2
7061 1 3
7062 1 2
7063 1 2
7064 1 2
7065 1 3
7066 1 2
7067 1 1
7068 1 1
7069 1 1
7070 1 3
7071 1 3
7072 1 3
7073 1 2
7074 1 3
7075 1 2
7076 1 2
7077 1 2
7078 1 2
7079 1 2
7080 1 3
7081 1 3
7082 1 2
7083 1 3
7084 1 3
7085 1 3
7086 1 3
7087 1 3
7088 1 1
7089 1 3
7090 1 2
7091 1 2
7092 1 3
7093 1 3
7094 1 1
7095 1 3
7096 1 1
7097 1 2
7098 1 3
7099 1 2
7100 1 1
7101 1 3
7102 1 2
7103 1 2
7104 1 2
7105 1 2
7106 1 2
7107 1 1
7108 1 3
7109 1 2
7110 1 2
7111 1 2
7112 1 1
7113 1 3
7114 1 3
7115 1 3
7116 1 1
7117 1 3
7118 1 2
7119 1 1
7120 1 3
7121 1 2
7122 1 2
7123 1 2
7124 1 3
7125 1 3
7126 1 1
7127 1 3
7128 1 2
7129 1 3
7130 1 2
7131 1 3
7132 1 2
7133 1 2
7134 1 3
7135 1 3
7136 1 3
7137 1 1
7138 1 2
7139 1 2
7140 1 2
7141 1 3
7142 1 3
7143 1 3
7144 1 3
7145 1 3
7146 1 2
7147 1 3
7148 1 2
7149 1 2
7150 1 2
7151 1 2
7152 1 2
7153 1 2
7154 1 3
7155 1 1
7156 1 1
7157 1 1
7158 1 2
7159 1 3
7160 1 3
7161 1 3
7162 1 3
7163 1 3
7164 1 2
7165 1 3
7166 1 3
7167 1 1
7168 1 1
7169 1 2
7170 1 3
7171 1 3
7172 1 1
7173 1 3
7174 1 1
7175 1 2
7176 1 2
7177 1 2
7178 1 1
7179 1 2
7180 1 2
7181 1 2
7182 1 1
7183 1 3
7184 1 1
7185 1 3
7186 1 2
7187 1 1
7188 1 1
7189 1 2
7190 1 3
7191 1 2
7192 1 2
7193 1 1
7194 1 3
7195 1 3
7196 1 1
7197 1 2
7198 1 2
7199 1 2
7200 1 2
7201 1 1
7202 1 1
7203 1 1
7204 1 1
7205 1 3
7206 1 2
7207 1 3
7208 1 3
7209 1 2
7210 1 2
7211 1 1
7212 1 2
7213 1 2
7214 1 3
7215 1 3
7216 1 3
7217 1 2
7218 1 2
7219 1 2
7220 1 2
7221 1 3
7222 1 2
7223 1 1
7224 1 1
7225 1 3
7226 1 3
7227 1 3
7228 1 1
7229 1 2
7230 1 1
7231 1 3
7232 1 3
7233 1 3
7234 1 2
7235 1 3
7236 1 3
7237 1 3
7238 1 2
7239 1 2
7240 1 3
7241 1 3
7242 1 3
7243 1 3
7244 1 2
7245 1 2
7246 1 1
7247 1 2
7248 1 2
7249 1 3
7250 1 3
7251 1 1
7252 1 3
7253 1 3
7254 1 3
7255 1 3
7256 1 3
7257 1 2
7258 1 3
7259 1 3
7260 1 2
7261 1 1
7262 1 2
7263 1 1
7264 1 3
7265 1 3
7266 1 2
7267 1 2
7268 1 3
7269 1 2
7270 1 3
7271 1 2
7272 1 2
7273 1 1
7274 1 2
7275 1 3
7276 1 3
7277 1 3
7278 1 1
7279 1 1
7280 1 1
7281 1 3
7282 1 1
7283 1 3
7284 1 3
7285 1 1
7286 1 3
7287 1 3
7288 1 3
7289 1 2
7290 1 2
7291 1 2
7292 1 2
7293 1 3
7294 1 3
7295 1 3
7296 1 3
7297 1 3
7298 1 3
7299 1 2
7300 1 1
7301 1 2
7302 1 2
7303 1 2
7304 1 1
7305 1 2
7306 1 3
7307 1 3
7308 1 3
7309 1 2
7310 1 2
7311 1 3
7312 1 3
7313 1 1
7314 1 2
7315 1 2
7316 1 1
7317 1 1
7318 1 2
7319 1 2
7320 1 1
7321 1 3
7322 1 2
7323 1 3
7324 1 2
7325 1 2
7326 1 2
7327 1 3
7328 1 2
7329 1 3
7330 1 2
7331 1 2
7332 1 1
7333 1 3
7334 1 3
7335 1 3
7336 1 3
7337 1 1
7338 1 3
7339 1 2
7340 1 1
7341 1 1
7342 1 3
7343 1 3
7344 1 3
7345 1 1
7346 1 2
7347 1 3
7348 1 1
7349 1 1
7350 1 3
7351 1 2
7352 1 3
7353 1 3
7354 1 3
7355 1 3
7356 1 1
7357 1 2
7358 1 1
7359 1 2
7360 1 1
7361 1 1
7362 1 2
7363 1 2
7364 1 1
7365 1 2
7366 1 2
7367 1 3
7368 1 2
7369 1 2
7370 1 3
7371 1 2
7372 1 2
7373 1 2
7374 1 3
7375 1 3
7376 1 2
7377 1 2
7378 1 3
7379 1 3
7380 1 1
7381 1 2
7382 1 3
7383 1 2
7384 1 1
7385 1 2
7386 1 3
7387 1 1
7388 1 3
7389 1 2
7390 1 2
7391 1 2
7392 1 2
7393 1 2
7394 1 3
7395 1 1
7396 1 2
7397 1 3
7398 1 1
7399 1 1
7400 1 3
7401 1 1
7402 1 3
7403 1 3
7404 1 2
7405 1 2
7406 1 3
7407 1 1
7408 1 2
7409 1 1
7410 1 2
7411 1 2
7412 1 3
7413 1 2
7414 1 3
7415 1 3
7416 1 3
7417 1 3
7418 1 2
7419 1 3
7420 1 1
7421 1 2
7422 1 2
7423 1 2
7424 1 3
7425 1 2
7426 1 2
7427 1 3
7428 1 3
7429 1 3
7430 1 2
7431 1 3
7432 1 2
7433 1 3
7434 1 3
7435 1 2
7436 1 3
7437 1 2
7438 1 2
7439 1 2
7440 1 3
7441 1 1
7442 1 2
7443 1 2
7444 1 2
7445 1 2
7446 1 2
7447 1 2
7448 1 3
7449 1 3
7450 1 3
7451 1 2
7452 1 3
7453 1 3
7454 1 3
7455 1 3
7456 1 3
7457 1 2
7458 1 1
7459 1 2
7460 1 1
7461 1 2
7462 1 3
7463 1 2
7464 1 3
7465 1 3
7466 1 3
7467 1 2
7468 1 1
7469 1 2
7470 1 3
7471 1 1
7472 1 3
7473 1 3
7474 1 1
7475 1 3
7476 1 3
7477 1 2
7478 1 3
7479 1 2
7480 1 2
7481 1 2
7482 1 3
7483 1 2
7484 1 3
7485 1 1
7486 1 2
7487 1 3
7488 1 3
7489 1 3
7490 1 3
7491 1 2
7492 1 3
7493 1 2
7494 1 2
7495 1 2
7496 1 3
7497 1 2
7498 1 3
7499 1 2
7500 1 3
7501 1 3
7502 1 3
7503 1 2
7504 1 1
7505 1 3
7506 1 2
7507 1 1
7508 1 1
7509 1 2
7510 1 3
7511 1 3
7512 1 3
7513 1 3
7514 1 3
7515 1 2
7516 1 1
7517 1 1
7518 1 1
7519 1 2
7520 1 2
7521 1 3
7522 1 1
7523 1 2
7524 1 1
7525 1 1
7526 1 3
7527 1 3
7528 1 1
7529 1 3
7530 1 1
7531 1 3
7532 1 3
7533 1 3
7534 1 2
7535 1 2
7536 1 3
7537 1 3
7538 1 3
7539 1 1
7540 1 3
7541 1 3
7542 1 3
7543 1 3
7544 1 3
7545 1 1
7546 1 2
7547 1 3
7548 1 1
7549 1 1
7550 1 1
7551 1 3
7552 1 3
7553 1 2
7554 1 3
7555 1 3
7556 1 1
7557 1 1
7558 1 2
7559 1 3
7560 1 2
7561 1 1
7562 1 3
7563 1 1
7564 1 2
7565 1 3
7566 1 1
7567 1 3
7568 1 2
7569 1 3
7570 1 2
7571 1 3
7572 1 1
7573 1 3
7574 1 3
7575 1 2
7576 1 3
7577 1 1
7578 1 2
7579 1 2
7580 1 3
7581 1 2
7582 1 3
7583 1 1
7584 1 1
7585 1 2
7586 1 1
7587 1 2
7588 1 2
7589 1 2
7590 1 2
7591 1 3
7592 1 2
7593 1 3
7594 1 1
7595 1 3
7596 1 3
7597 1 3
7598 1 3
7599 1 2
7600 1 1
7601 1 3
7602 1 3
7603 1 3
7604 1 2
7605 1 1
7606 1 3
7607 1 3
7608 1 2
7609 1 1
7610 1 3
7611 1 1
7612 1 3
7613 1 3
7614 1 3
7615 1 2
7616 1 2
7617 1 3
7618 1 1
7619 1 2
7620 1 2
7621 1 1
7622 1 2
7623 1 2
7624 1 2
7625 1 3
7626 1 3
7627 1 2
7628 1 2
7629 1 3
7630 1 2
7631 1 2
7632 1 3
7633 1 3
7634 1 1
7635 1 2
7636 1 3
7637 1 2
7638 1 3
7639 1 3
7640 1 2
7641 1 3
7642 1 3
7643 1 3
7644 1 2
7645 1 3
7646 1 1
7647 1 3
7648 1 3
7649 1 2
7650 1 3
7651 1 2
7652 1 2
7653 1 1
7654 1 3
7655 1 3
7656 1 1
7657 1 2
7658 1 3
7659 1 2
7660 1 3
7661 1 2
7662 1 2
7663 1 3
7664 1 1
7665 1 1
7666 1 2
7667 1 2
7668 1 2
7669 1 2
7670 1 2
7671 1 2
7672 1 2
7673 1 2
7674 1 1
7675 1 1
7676 1 1
7677 1 1
7678 1 1
7679 1 2
7680 1 3
7681 1 3
7682 1 1
7683 1 2
7684 1 2
7685 1 1
7686 1 2
7687 1 3
7688 1 1
7689 1 3
7690 1 1
7691 1 2
7692 1 2
7693 1 2
7694 1 3
7695 1 3
7696 1 1
7697 1 2
7698 1 3
7699 1 3
7700 1 3
7701 1 2
7702 1 1
7703 1 2
7704 1 3
7705 1 2
7706 1 3
7707 1 3
7708 1 2
7709 1 1
7710 1 2
7711 1 1
7712 1 1
7713 1 1
7714 1 2
7715 1 2
7716 1 3
7717 1 2
7718 1 3
7719 1 2
7720 1 1
7721 1 3
7722 1 3
7723 1 3
7724 1 1
7725 1 3
7726 1 2
7727 1 1
7728 1 2
7729 1 2
7730 1 2
7731 1 2
7732 1 3
7733 1 2
7734 1 2
7735 1 2
7736 1 3
7737 1 2
7738 1 1
7739 1 3
7740 1 1
7741 1 3
7742 1 1
7743 1 3
7744 1 3
7745 1 2
7746 1 2
7747 1 2
7748 1 1
7749 1 3
7750 1 2
7751 1 1
7752 1 3
7753 1 2
7754 1 3
7755 1 2
7756 1 1
7757 1 3
7758 1 2
7759 1 3
7760 1 3
7761 1 2
7762 1 2
7763 1 2
7764 1 3
7765 1 3
7766 1 2
7767 1 1
7768 1 3
7769 1 3
7770 1 1
7771 1 1
7772 1 1
7773 1 2
7774 1 3
7775 1 3
7776 1 2
7777 1 3
7778 1 2
7779 1 1
7780 1 2
7781 1 1
7782 1 1
7783 1 3
7784 1 2
7785 1 3
7786 1 1
7787 1 3
7788 1 3
7789 1 2
7790 1 1
7791 1 1
7792 1 1
7793 1 2
7794 1 2
7795 1 3
7796 1 3
7797 1 1
7798 1 3
7799 1 2
7800 1 2
7801 1 1
7802 1 1
7803 1 2
7804 1 3
7805 1 3
7806 1 2
7807 1 2
7808 1 2
7809 1 3
7810 1 2
7811 1 3
7812 1 3
7813 1 2
7814 1 2
7815 1 2
7816 1 1
7817 1 3
7818 1 2
7819 1 2
7820 1 3
7821 1 3
7822 1 2
7823 1 3
7824 1 3
7825 1 2
7826 1 2
7827 1 2
7828 1 3
7829 1 2
7830 1 1
7831 1 2
7832 1 2
7833 1 3
7834 1 1
7835 1 3
7836 1 3
7837 1 3
7838 1 3
7839 1 2
7840 1 3
7841 1 2
7842 1 2
7843 1 2
7844 1 1
7845 1 3
7846 1 1
7847 1 1
7848 1 3
7849 1 1
7850 1 1
7851 1 3
7852 1 2
7853 1 2
7854 1 3
7855 1 3
7856 1 2
7857 1 2
7858 1 3
7859 1 2
7860 1 2
7861 1 3
7862 1 3
7863 1 2
7864 1 2
7865 1 1
7866 1 1
7867 1 3
7868 1 3
7869 1 2
7870 1 2
7871 1 3
7872 1 3
7873 1 3
7874 1 1
7875 1 1
7876 1 3
7877 1 2
7878 1 3
7879 1 1
7880 1 3
7881 1 1
7882 1 3
7883 1 3
7884 1 1
7885 1 3
7886 1 2
7887 1 1
7888 1 2
7889 1 3
7890 1 3
7891 1 1
7892 1 2
7893 1 2
7894 1 3
7895 1 2
7896 1 3
7897 1 2
7898 1 2
7899 1 2
7900 1 1
7901 1 3
7902 1 2
7903 1 1
7904 1 2
7905 1 1
7906 1 2
7907 1 2
7908 1 2
7909 1 3
7910 1 2
7911 1 3
7912 1 2
7913 1 2
7914 1 2
7915 1 2
7916 1 2
7917 1 1
7918 1 3
7919 1 1
7920 1 3
7921 1 1
7922 1 2
7923 1 2
7924 1 2
7925 1 1
7926 1 2
7927 1 3
7928 1 1
7929 1 1
7930 1 2
7931 1 3
7932 1 1
7933 1 3
7934 1 3
7935 1 3
7936 1 2
7937 1 1
7938 1 3
7939 1 2
7940 1 1
7941 1 1
7942 1 2
7943 1 3
7944 1 3
7945 1 3
7946 1 3
7947 1 3
7948 1 2
7949 1 2
7950 1 3
7951 1 3
7952 1 1
7953 1 2
7954 1 2
7955 1 1
7956 1 2
7957 1 3
7958 1 2
7959 1 3
7960 1 2
7961 1 2
7962 1 2
7963 1 1
7964 1 1
7965 1 1
7966 1 3
7967 1 1
7968 1 2
7969 1 2
7970 1 2
7971 1 2
7972 1 1
7973 1 2
7974 1 3
7975 1 3
7976 1 2
7977 1 3
7978 1 3
7979 1 3
7980 1 3
7981 1 2
7982 1 1
7983 1 2
7984 1 2
7985 1 3
7986 1 1
7987 1 2
7988 1 3
7989 1 2
7990 1 2
7991 1 3
7992 1 1
7993 1 3
7994 1 3
7995 1 3
7996 1 2
7997 1 3
7998 1 3
7999 1 3
8000 1 3
8001 1 2
8002 1 3
8003 1 3
8004 1 2
8005 1 2
8006 1 3
8007 1 2
8008 1 3
8009 1 3
8010 1 2
8011 1 3
8012 1 3
8013 1 2
8014 1 3
8015 1 3
8016 1 3
8017 1 2
8018 1 3
8019 1 1
8020 1 3
8021 1 3
8022 1 2
8023 1 2
8024 1 2
8025 1 2
8026 1 2
8027 1 2
8028 1 3
8029 1 3
8030 1 2
8031 1 3
8032 1 2
8033 1 1
8034 1 1
8035 1 2
8036 1 3
8037 1 3
8038 1 2
8039 1 3
8040 1 2
8041 1 2
8042 1 1
8043 1 2
8044 1 1
8045 1 3
8046 1 2
8047 1 2
8048 1 3
8049 1 2
8050 1 2
8051 1 2
8052 1 2
8053 1 3
8054 1 3
8055 1 3
8056 1 3
8057 1 3
8058 1 2
8059 1 2
8060 1 1
8061 1 2
8062 1 2
8063 1 2
8064 1 1
8065 1 3
8066 1 3
8067 1 1
8068 1 2
8069 1 3
8070 1 3
8071 1 3
8072 1 3
8073 1 2
8074 1 1
8075 1 2
8076 1 2
8077 1 2
8078 1 3
8079 1 2
8080 1 1
8081 1 3
8082 1 2
8083 1 2
8084 1 3
8085 1 1
8086 1 3
8087 1 3
8088 1 2
8089 1 3
8090 1 1
8091 1 1
8092 1 2
8093 1 1
8094 1 1
8095 1 1
8096 1 1
8097 1 3
8098 1 3
8099 1 2
8100 1 3
8101 1 1
8102 1 1
8103 1 3
8104 1 3
8105 1 2
8106 1 2
8107 1 3
8108 1 2
8109 1 3
8110 1 2
8111 1 1
8112 1 2
8113 1 2
8114 1 3
8115 1 1
8116 1 3
8117 1 1
8118 1 2
8119 1 2
8120 1 1
8121 1 3
8122 1 2
8123 1 1
8124 1 1
8125 1 3
8126 1 2
8127 1 1
8128 1 2
8129 1 1
8130 1 1
8131 1 3
8132 1 2
8133 1 3
8134 1 2
8135 1 3
8136 1 1
8137 1 3
8138 1 1
8139 1 2
8140 1 1
8141 1 3
8142 1 2
8143 1 2
8144 1 2
8145 1 3
8146 1 2
8147 1 3
8148 1 3
8149 1 3
8150 1 3
8151 1 3
8152 1 2
8153 1 2
8154 1 1
8155 1 1
8156 1 2
8157 1 3
8158 1 3
8159 1 3
8160 1 3
8161 1 2
8162 1 3
8163 1 1
8164 1 1
8165 1 3
8166 1 3
8167 1 2
8168 1 1
8169 1 1
8170 1 1
8171 1 2
8172 1 2
8173 1 1
8174 1 2
8175 1 1
8176 1 3
8177 1 2
8178 1 1
8179 1 1
8180 1 2
8181 1 3
8182 1 2
8183 1 2
8184 1 3
8185 1 3
8186 1 2
8187 1 1
8188 1 3
8189 1 3
8190 1 3
8191 1 3
8192 1 3
8193 1 3
8194 1 2
8195 1 2
8196 1 1
8197 1 1
8198 1 2
8199 1 1
8200 1 3
8201 1 3
8202 1 1
8203 1 1
8204 1 2
8205 1 3
8206 1 3
8207 1 3
8208 1 3
8209 1 2
8210 1 2
8211 1 2
8212 1 2
8213 1 2
8214 1 2
8215 1 3
8216 1 1
8217 1 2
8218 1 2
8219 1 2
8220 1 2
8221 1 3
8222 1 3
8223 1 3
8224 1 3
8225 1 2
8226 1 3
8227 1 2
8228 1 1
8229 1 3
8230 1 2
8231 1 2
8232 1 3
8233 1 2
8234 1 1
8235 1 2
8236 1 3
8237 1 2
8238 1 3
8239 1 1
8240 1 1
8241 1 3
8242 1 1
8243 1 3
8244 1 3
8245 1 1
8246 1 3
8247 1 3
8248 1 1
8249 1 1
8250 1 3
8251 1 2
8252 1 3
8253 1 1
8254 1 1
8255 1 2
8256 1 3
8257 1 1
8258 1 2
8259 1 1
8260 1 3
8261 1 1
8262 1 2
8263 1 3
8264 1 2
8265 1 2
8266 1 2
8267 1 2
8268 1 3
8269 1 1
8270 1 3
8271 1 3
8272 1 3
8273 1 2
8274 1 1
8275 1 3
8276 1 2
8277 1 2
8278 1 3
8279 1 2
8280 1 1
8281 1 1
8282 1 2
8283 1 2
8284 1 2
8285 1 1
8286 1 2
8287 1 3
8288 1 3
8289 1 2
8290 1 2
8291 1 1
8292 1 2
8293 1 2
8294 1 3
8295 1 2
8296 1 3
8297 1 2
8298 1 3
8299 1 3
8300 1 3
8301 1 2
8302 1 1
8303 1 2
8304 1 1
8305 1 3
8306 1 3
8307 1 2
8308 1 2
8309 1 2
8310 1 3
8311 1 3
8312 1 3
8313 1 3
8314 1 1
8315 1 3
8316 1 2
8317 1 1
8318 1 3
8319 1 3
8320 1 3
8321 1 3
8322 1 2
8323 1 2
8324 1 1
8325 1 3
8326 1 3
8327 1 3
8328 1 2
8329 1 1
8330 1 3
8331 1 3
8332 1 3
8333 1 1
8334 1 1
8335 1 1
8336 1 2
8337 1 2
8338 1 2
8339 1 2
8340 1 3
8341 1 1
8342 1 2
8343 1 2
8344 1 1
8345 1 2
8346 1 3
8347 1 3
8348 1 3
8349 1 3
8350 1 1
8351 1 1
8352 1 3
8353 1 1
8354 1 1
8355 1 3
8356 1 2
8357 1 3
8358 1 1
8359 1 2
8360 1 2
8361 1 2
8362 1 2
8363 1 2
8364 1 2
8365 1 2
8366 1 2
8367 1 3
8368 1 3
8369 1 1
8370 1 2
8371 1 3
8372 1 1
8373 1 2
8374 1 2
8375 1 3
8376 1 1
8377 1 2
8378 1 3
8379 1 2
8380 1 2
8381 1 2
8382 1 2
8383 1 3
8384 1 2
8385 1 2
8386 1 3
8387 1 2
8388 1 2
8389 1 3
8390 1 3
8391 1 3
8392 1 1
8393 1 1
8394 1 3
8395 1 2
8396 1 3
8397 1 2
8398 1 3
8399 1 3
8400 1 3
8401 1 2
8402 1 2
8403 1 3
8404 1 3
8405 1 1
8406 1 2
8407 1 2
8408 1 3
8409 1 1
8410 1 3
8411 1 3
8412 1 2
8413 1 3
8414 1 3
8415 1 3
8416 1 2
8417 1 2
8418 1 3
8419 1 3
8420 1 2
8421 1 2
8422 1 2
8423 1 3
8424 1 3
8425 1 2
8426 1 1
8427 1 3
8428 1 2
8429 1 3
8430 1 3
8431 1 2
8432 1 3
8433 1 2
8434 1 1
8435 1 1
8436 1 2
8437 1 2
8438 1 3
8439 1 3
8440 1 1
8441 1 2
8442 1 3
8443 1 3
8444 1 2
8445 1 3
8446 1 1
8447 1 3
8448 1 3
8449 1 3
8450 1 1
8451 1 2
8452 1 2
8453 1 2
8454 1 3
8455 1 2
8456 1 1
8457 1 2
8458 1 2
8459 1 2
8460 1 1
8461 1 1
8462 1 2
8463 1 3
8464 1 1
8465 1 3
8466 1 1
8467 1 3
8468 1 3
8469 1 3
8470 1 2
8471 1 3
8472 1 2
8473 1 2
8474 1 2
8475 1 3
8476 1 1
8477 1 3
8478 1 2
8479 1 1
8480 1 2
8481 1 3
8482 1 3
8483 1 3
8484 1 2
8485 1 3
8486 1 2
8487 1 2
8488 1 1
8489 1 2
8490 1 3
8491 1 3
8492 1 1
8493 1 2
8494 1 3
8495 1 2
8496 1 2
8497 1 1
8498 1 3
8499 1 3
8500 1 1
8501 1 3
8502 1 2
8503 1 2
8504 1 2
8505 1 3
8506 1 1
8507 1 2
8508 1 1
8509 1 3
8510 1 3
8511 1 1
8512 1 1
8513 1 3
8514 1 2
8515 1 2
8516 1 3
8517 1 2
8518 1 2
8519 1 3
8520 1 3
8521 1 1
8522 1 1
8523 1 3
8524 1 2
8525 1 3
8526 1 3
8527 1 3
8528 1 2
8529 1 1
8530 1 2
8531 1 3
8532 1 2
8533 1 2
8534 1 3
8535 1 2
8536 1 1
8537 1 1
8538 1 2
8539 1 3
8540 1 2
8541 1 3
8542 1 2
8543 1 1
8544 1 1
8545 1 2
8546 1 2
8547 1 3
8548 1 3
8549 1 1
8550 1 3
8551 1 2
8552 1 3
8553 1 3
8554 1 2
8555 1 2
8556 1 3
8557 1 3
8558 1 1
8559 1 2
8560 1 3
8561 1 2
8562 1 1
8563 1 2
8564 1 3
8565 1 3
8566 1 3
8567 1 3
8568 1 3
8569 1 1
8570 1 2
8571 1 3
8572 1 3
8573 1 2
8574 1 3
8575 1 3
8576 1 3
8577 1 3
8578 1 3
8579 1 2
8580 1 3
8581 1 3
8582 1 3
8583 1 2
8584 1 2
8585 1 2
8586 1 3
8587 1 1
8588 1 3
8589 1 3
8590 1 3
8591 1 1
8592 1 1
8593 1 2
8594 1 2
8595 1 3
8596 1 2
8597 1 2
8598 1 3
8599 1 2
8600 1 2
8601 1 3
8602 1 3
8603 1 3
8604 1 1
8605 1 2
8606 1 2
8607 1 2
8608 1 3
8609 1 3
8610 1 2
8611 1 3
8612 1 2
8613 1 3
8614 1 2
8615 1 2
8616 1 3
8617 1 2
8618 1 3
8619 1 1
8620 1 2
8621 1 3
8622 1 3
8623 1 2
8624 1 2
8625 1 3
8626 1 1
8627 1 1
8628 1 3
8629 1 1
8630 1 3
8631 1 3
8632 1 3
8633 1 3
8634 1 2
8635 1 1
8636 1 3
8637 1 1
8638 1 1
8639 1 2
8640 1 3
8641 1 3
8642 1 3
8643 1 2
8644 1 3
8645 1 1
8646 1 2
8647 1 3
8648 1 2
8649 1 1
8650 1 3
8651 1 2
8652 1 2
8653 1 1
8654 1 3
8655 1 3
8656 1 3
8657 1 3
8658 1 3
8659 1 2
8660 1 3
8661 1 3
8662 1 3
8663 1 3
8664 1 3
8665 1 3
8666 1 2
8667 1 1
8668 1 1
8669 1 3
8670 1 3
8671 1 2
8672 1 2
8673 1 1
8674 1 2
8675 1 2
8676 1 1
8677 1 3
8678 1 2
8679 1 1
8680 1 3
8681 1 1
8682 1 2
8683 1 2
8684 1 2
8685 1 3
8686 1 2
8687 1 3
8688 1 3
8689 1 3
8690 1 2
8691 1 2
8692 1 3
8693 1 2
8694 1 2
8695 1 3
8696 1 1
8697 1 2
8698 1 2
8699 1 1
8700 1 3
8701 1 2
8702 1 1
8703 1 2
8704 1 3
8705 1 2
8706 1 2
8707 1 3
8708 1 1
8709 1 2
8710 1 1
8711 1 3
8712 1 3
8713 1 2
8714 1 3
8715 1 2
8716 1 3
8717 1 2
8718 1 2
8719 1 2
8720 1 1
8721 1 3
8722 1 3
8723 1 2
8724 1 2
8725 1 2
8726 1 1
8727 1 1
8728 1 3
8729 1 3
8730 1 1
8731 1 3
8732 1 3
8733 1 2
8734 1 3
8735 1 2
8736 1 3
8737 1 3
8738 1 2
8739 1 2
8740 1 3
8741 1 1
8742 1 1
8743 1 1
8744 1 2
8745 1 3
8746 1 1
8747 1 1
8748 1 3
8749 1 2
8750 1 3
8751 1 1
8752 1 2
8753 1 3
8754 1 2
8755 1 1
8756 1 3
8757 1 3
8758 1 3
8759 1 3
8760 1 3
8761 1 2
8762 1 2
8763 1 3
8764 1 2
8765 1 1
8766 1 2
8767 1 1
8768 1 1
8769 1 3
8770 1 3
8771 1 1
8772 1 3
8773 1 3
8774 1 1
8775 1 1
8776 1 3
8777 1 3
8778 1 2
8779 1 3
8780 1 2
8781 1 2
8782 1 2
8783 1 3
8784 1 1
8785 1 3
8786 1 3
8787 1 2
8788 1 2
8789 1 1
8790 1 2
8791 1 2
8792 1 1
8793 1 3
8794 1 1
8795 1 3
8796 1 2
8797 1 2
8798 1 3
8799 1 2
8800 1 1
8801 1 3
8802 1 1
8803 1 1
8804 1 3
8805 1 2
8806 1 2
8807 1 3
8808 1 1
8809 1 3
8810 1 2
8811 1 1
8812 1 2
8813 1 3
8814 1 2
8815 1 3
8816 1 2
8817 1 1
8818 1 3
8819 1 3
8820 1 2
8821 1 2
8822 1 3
8823 1 3
8824 1 2
8825 1 3
8826 1 2
8827 1 2
8828 1 2
8829 1 3
8830 1 2
8831 1 1
8832 1 1
8833 1 2
8834 1 2
8835 1 3
8836 1 2
8837 1 3
8838 1 2
8839 1 3
8840 1 3
8841 1 3
8842 1 3
8843 1 2
8844 1 2
8845 1 2
8846 1 2
8847 1 1
8848 1 2
8849 1 2
8850 1 3
8851 1 1
8852 1 3
8853 1 3
8854 1 2
8855 1 2
8856 1 1
8857 1 3
8858 1 2
8859 1 3
8860 1 2
8861 1 3
8862 1 2
8863 1 3
8864 1 3
8865 1 2
8866 1 2
8867 1 3
8868 1 2
8869 1 3
8870 1 1
8871 1 1
8872 1 3
8873 1 2
8874 1 3
8875 1 2
8876 1 2
8877 1 2
8878 1 3
8879 1 3
8880 1 3
8881 1 1
8882 1 2
8883 1 1
8884 1 2
8885 1 2
8886 1 3
8887 1 3
8888 1 2
8889 1 2
8890 1 2
8891 1 3
8892 1 2
8893 1 3
8894 1 3
8895 1 3
8896 1 2
8897 1 3
8898 1 2
8899 1 3
8900 1 3
8901 1 2
8902 1 2
8903 1 3
8904 1 1
8905 1 2
8906 1 2
8907 1 3
8908 1 2
8909 1 3
8910 1 2
8911 1 2
8912 1 2
8913 1 3
8914 1 3
8915 1 2
8916 1 3
8917 1 2
8918 1 3
8919 1 2
8920 1 3
8921 1 3
8922 1 3
8923 1 2
8924 1 2
8925 1 1
8926 1 2
8927 1 3
8928 1 3
8929 1 2
8930 1 1
8931 1 2
8932 1 3
8933 1 2
8934 1 3
8935 1 2
8936 1 2
8937 1 3
8938 1 1
8939 1 3
8940 1 1
8941 1 1
8942 1 1
8943 1 3
8944 1 1
8945 1 2
8946 1 3
8947 1 3
8948 1 3
8949 1 3
8950 1 3
8951 1 2
8952 1 3
8953 1 2
8954 1 2
8955 1 3
8956 1 3
8957 1 3
8958 1 3
8959 1 2
8960 1 2
8961 1 3
8962 1 2
8963 1 1
8964 1 1
8965 1 3
8966 1 3
8967 1 3
8968 1 2
8969 1 3
8970 1 1
8971 1 2
8972 1 2
8973 1 3
8974 1 1
8975 1 2
8976 1 1
8977 1 1
8978 1 2
8979 1 3
8980 1 2
8981 1 1
8982 1 3
8983 1 2
8984 1 1
8985 1 3
8986 1 3
8987 1 2
8988 1 2
8989 1 3
8990 1 2
8991 1 3
8992 1 3
8993 1 2
8994 1 3
8995 1 2
8996 1 3
8997 1 2
8998 1 3
8999 1 1
9000 1 3
9001 1 2
9002 1 3
9003 1 1
9004 1 2
9005 1 2
9006 1 2
9007 1 3
9008 1 2
9009 1 2
9010 1 3
9011 1 1
9012 1 2
9013 1 2
9014 1 2
9015 1 2
9016 1 3
9017 1 1
9018 1 3
9019 1 3
9020 1 1
9021 1 3
9022 1 2
9023 1 2
9024 1 3
9025 1 3
9026 1 3
9027 1 3
9028 1 3
9029 1 2
9030 1 2
9031 1 3
9032 1 2
9033 1 2
9034 1 2
9035 1 1
9036 1 3
9037 1 1
9038 1 3
9039 1 3
9040 1 3
9041 1 3
9042 1 3
9043 1 2
9044 1 1
9045 1 1
9046 1 2
9047 1 3
9048 1 3
9049 1 3
9050 1 3
9051 1 3
9052 1 2
9053 1 2
9054 1 3
9055 1 2
9056 1 3
9057 1 1
9058 1 1
9059 1 3
9060 1 1
9061 1 2
9062 1 3
9063 1 2
9064 1 2
9065 1 3
9066 1 3
9067 1 3
9068 1 3
9069 1 1
9070 1 2
9071 1 3
9072 1 3
9073 1 3
9074 1 2
9075 1 2
9076 1 2
9077 1 2
9078 1 3
9079 1 3
9080 1 1
9081 1 2
9082 1 2
9083 1 1
9084 1 1
9085 1 2
9086 1 3
9087 1 2
9088 1 2
9089 1 1
9090 1 2
9091 1 2
9092 1 1
9093 1 2
9094 1 2
9095 1 2
9096 1 3
9097 1 1
9098 1 2
9099 1 3
9100 1 1
9101 1 2
9102 1 2
9103 1 3
9104 1 3
9105 1 2
9106 1 1
9107 1 2
9108 1 2
9109 1 2
9110 1 2
9111 1 3
9112 1 3
9113 1 3
9114 1 1
9115 1 3
9116 1 2
9117 1 1
9118 1 3
9119 1 3
9120 1 2
9121 1 3
9122 1 2
9123 1 3
9124 1 3
9125 1 2
9126 1 3
9127 1 2
9128 1 3
9129 1 2
9130 1 1
9131 1 1
9132 1 3
9133 1 2
9134 1 1
9135 1 3
9136 1 3
9137 1 2
9138 1 2
9139 1 3
9140 1 1
9141 1 2
9142 1 3
9143 1 3
9144 1 3
9145 1 3
9146 1 1
9147 1 3
9148 1 2
9149 1 2
9150 1 3
9151 1 3
9152 1 3
9153 1 2
9154 1 3
9155 1 3
9156 1 2
9157 1 3
9158 1 3
9159 1 1
9160 1 3
9161 1 2
9162 1 3
9163 1 2
9164 1 2
9165 1 3
9166 1 2
9167 1 2
9168 1 2
9169 1 3
9170 1 2
9171 1 2
9172 1 2
9173 1 3
9174 1 2
9175 1 2
9176 1 3
9177 1 2
9178 1 1
9179 1 3
9180 1 1
9181 1 1
9182 1 3
9183 1 3
9184 1 2
9185 1 1
9186 1 2
9187 1 2
9188 1 3
9189 1 1
9190 1 2
9191 1 3
9192 1 3
9193 1 2
9194 1 2
9195 1 2
9196 1 2
9197 1 2
9198 1 3
9199 1 3
9200 1 3
9201 1 3
9202 1 3
9203 1 3
9204 1 1
9205 1 3
9206 1 2
9207 1 1
9208 1 3
9209 1 1
9210 1 2
9211 1 2
9212 1 3
9213 1 3
9214 1 2
9215 1 3
9216 1 2
9217 1 1
9218 1 3
9219 1 3
9220 1 1
9221 1 2
9222 1 2
9223 1 2
9224 1 2
9225 1 3
9226 1 2
9227 1 3
9228 1 2
9229 1 1
9230 1 2
9231 1 2
9232 1 1
9233 1 2
9234 1 3
9235 1 3
9236 1 2
9237 1 3
9238 1 3
9239 1 3
9240 1 2
9241 1 3
9242 1 2
9243 1 1
9244 1 2
9245 1 2
9246 1 2
9247 1 1
9248 1 3
9249 1 2
9250 1 3
9251 1 2
9252 1 3
9253 1 3
9254 1 2
9255 1 2
9256 1 3
9257 1 3
9258 1 3
9259 1 3
9260 1 3
9261 1 2
9262 1 3
9263 1 2
9264 1 3
9265 1 3
9266 1 1
9267 1 1
9268 1 3
9269 1 2
9270 1 2
9271 1 2
9272 1 1
9273 1 1
9274 1 2
9275 1 2
9276 1 2
9277 1 2
9278 1 2
9279 1 3
9280 1 3
9281 1 3
9282 1 3
9283 1 1
9284 1 2
9285 1 2
9286 1 3
9287 1 3
9288 1 2
9289 1 2
9290 1 3
9291 1 1
9292 1 2
9293 1 2
9294 1 3
9295 1 2
9296 1 1
9297 1 1
9298 1 3
9299 1 3
9300 1 3
9301 1 3
9302 1 3
9303 1 2
9304 1 3
9305 1 3
9306 1 2
9307 1 3
9308 1 3
9309 1 2
9310 1 3
9311 1 2
9312 1 3
9313 1 2
9314 1 1
9315 1 2
9316 1 2
9317 1 1
9318 1 2
9319 1 3
9320 1 2
9321 1 2
9322 1 3
9323 1 2
9324 1 1
9325 1 2
9326 1 1
9327 1 3
9328 1 2
9329 1 2
9330 1 2
9331 1 3
9332 1 2
9333 1 3
9334 1 3
9335 1 2
9336 1 2
9337 1 3
9338 1 2
9339 1 3
9340 1 3
9341 1 2
9342 1 3
9343 1 2
9344 1 2
9345 1 1
9346 1 3
9347 1 3
9348 1 2
9349 1 2
9350 1 1
9351 1 2
9352 1 3
9353 1 3
9354 1 3
9355 1 3
9356 1 2
9357 1 2
9358 1 1
9359 1 3
9360 1 3
9361 1 3
9362 1 2
9363 1 3
9364 1 2
9365 1 3
9366 1 3
9367 1 2
9368 1 2
9369 1 2
9370 1 2
9371 1 2
9372 1 3
9373 1 2
9374 1 2
9375 1 2
9376 1 2
9377 1 3
9378 1 1
9379 1 2
9380 1 1
9381 1 3
9382 1 1
9383 1 3
9384 1 3
9385 1 1
9386 1 3
9387 1 2
9388 1 2
9389 1 2
9390 1 3
9391 1 1
9392 1 3
9393 1 2
9394 1 2
9395 1 3
9396 1 1
9397 1 1
9398 1 2
9399 1 1
9400 1 3
9401 1 2
9402 1 2
9403 1 1
9404 1 3
9405 1 1
9406 1 3
9407 1 2
9408 1 1
9409 1 3
9410 1 1
9411 1 2
9412 1 3
9413 1 3
9414 1 1
9415 1 3
9416 1 3
9417 1 2
9418 1 2
9419 1 2
9420 1 3
9421 1 3
9422 1 3
9423 1 3
9424 1 3
9425 1 1
9426 1 3
9427 1 1
9428 1 2
9429 1 3
9430 1 3
9431 1 3
9432 1 3
9433 1 3
9434 1 2
9435 1 3
9436 1 1
9437 1 2
9438 1 3
9439 1 1
9440 1 2
9441 1 2
9442 1 2
9443 1 2
9444 1 3
9445 1 3
9446 1 2
9447 1 1
9448 1 1
9449 1 3
9450 1 1
9451 1 3
9452 1 1
9453 1 2
9454 1 2
9455 1 3
9456 1 3
9457 1 1
9458 1 1
9459 1 2
9460 1 2
9461 1 3
9462 1 3
9463 1 2
9464 1 3
9465 1 1
9466 1 2
9467 1 3
9468 1 2
9469 1 3
9470 1 2
9471 1 2
9472 1 2
9473 1 2
9474 1 2
9475 1 1
9476 1 2
9477 1 3
9478 1 1
9479 1 2
9480 1 2
9481 1 2
9482 1 1
9483 1 3
9484 1 3
9485 1 2
9486 1 3
9487 1 2
9488 1 3
9489 1 2
9490 1 2
9491 1 3
9492 1 2
9493 1 1
9494 1 2
9495 1 2
9496 1 2
9497 1 2
9498 1 3
9499 1 3
9500 1 2
9501 1 1
9502 1 2
9503 1 2
9504 1 1
9505 1 2
9506 1 3
9507 1 2
9508 1 3
9509 1 2
9510 1 2
9511 1 2
9512 1 2
9513 1 2
9514 1 2
9515 1 3
9516 1 2
9517 1 3
9518 1 3
9519 1 2
9520 1 1
9521 1 2
9522 1 2
9523 1 1
9524 1 1
9525 1 1
9526 1 3
9527 1 2
9528 1 1
9529 1 3
9530 1 1
9531 1 3
9532 1 2
9533 1 3
9534 1 2
9535 1 3
9536 1 2
9537 1 2
9538 1 3
9539 1 1
9540 1 2
9541 1 3
9542 1 2
9543 1 3
9544 1 2
9545 1 1
9546 1 3
9547 1 2
9548 1 3
9549 1 3
9550 1 1
9551 1 3
9552 1 3
9553 1 2
9554 1 3
9555 1 2
9556 1 2
9557 1 3
9558 1 3
9559 1 1
9560 1 2
9561 1 3
9562 1 3
9563 1 1
9564 1 3
9565 1 3
9566 1 3
9567 1 1
9568 1 3
9569 1 1
9570 1 2
9571 1 2
9572 1 3
9573 1 1
9574 1 3
9575 1 1
9576 1 3
9577 1 3
9578 1 3
9579 1 2
9580 1 2
9581 1 3
9582 1 2
9583 1 2
9584 1 2
9585 1 2
9586 1 2
9587 1 3
9588 1 2
9589 1 1
9590 1 2
9591 1 2
9592 1 2
9593 1 2
9594 1 2
9595 1 1
9596 1 1
9597 1 2
9598 1 2
9599 1 2
9600 1 2
9601 1 2
9602 1 2
9603 1 2
9604 1 2
9605 1 1
9606 1 1
9607 1 3
9608 1 2
9609 1 1
9610 1 2
9611 1 3
9612 1 2
9613 1 3
9614 1 3
9615 1 3
9616 1 2
9617 1 2
9618 1 3
9619 1 2
9620 1 2
9621 1 1
9622 1 3
9623 1 3
9624 1 3
9625 1 3
9626 1 3
9627 1 2
9628 1 2
9629 1 2
9630 1 3
9631 1 3
9632 1 1
9633 1 3
9634 1 3
9635 1 1
9636 1 3
9637 1 2
9638 1 2
9639 1 3
9640 1 1
9641 1 2
9642 1 2
9643 1 1
9644 1 2
9645 1 1
9646 1 3
9647 1 2
9648 1 2
9649 1 3
9650 1 3
9651 1 3
9652 1 2
9653 1 2
9654 1 1
9655 1 3
9656 1 3
9657 1 3
9658 1 2
9659 1 1
9660 1 2
9661 1 3
9662 1 2
9663 1 2
9664 1 3
9665 1 3
9666 1 3
9667 1 3
9668 1 2
9669 1 3
9670 1 3
9671 1 2
9672 1 1
9673 1 3
9674 1 1
9675 1 2
9676 1 3
9677 1 2
9678 1 2
9679 1 2
9680 1 1
9681 1 1
9682 1 2
9683 1 2
9684 1 2
9685 1 3
9686 1 2
9687 1 3
9688 1 3
9689 1 2
9690 1 3
9691 1 1
9692 1 2
9693 1 1
9694 1 1
9695 1 3
9696 1 1
9697 1 3
9698 1 3
9699 1 2
9700 1 1
9701 1 2
9702 1 2
9703 1 3
9704 1 2
9705 1 2
9706 1 3
9707 1 2
9708 1 2
9709 1 3
9710 1 1
9711 1 3
9712 1 3
9713 1 3
9714 1 3
9715 1 3
9716 1 3
9717 1 3
9718 1 3
9719 1 3
9720 1 2
9721 1 1
9722 1 3
9723 1 3
9724 1 2
9725 1 1
9726 1 1
9727 1 3
9728 1 1
9729 1 1
9730 1 2
9731 1 3
9732 1 2
9733 1 3
9734 1 3
9735 1 3
9736 1 3
9737 1 2
9738 1 3
9739 1 2
9740 1 2
9741 1 3
9742 1 3
9743 1 1
9744 1 3
9745 1 2
9746 1 2
9747 1 2
9748 1 3
9749 1 3
9750 1 3
9751 1 2
9752 1 2
9753 1 2
9754 1 3
9755 1 1
9756 1 3
9757 1 2
9758 1 2
9759 1 2
9760 1 3
9761 1 2
9762 1 3
9763 1 3
9764 1 3
9765 1 2
9766 1 3
9767 1 3
9768 1 2
9769 1 3
9770 1 1
9771 1 3
9772 1 3
9773 1 2
9774 1 2
9775 1 3
9776 1 2
9777 1 3
9778 1 3
9779 1 3
9780 1 3
9781 1 3
9782 1 3
9783 1 3
9784 1 3
9785 1 3
9786 1 3
9787 1 1
9788 1 3
9789 1 1
9790 1 3
9791 1 3
9792 1 3
9793 1 3
9794 1 3
9795 1 2
9796 1 2
9797 1 1
9798 1 3
9799 1 3
9800 1 2
9801 1 1
9802 1 2
9803 1 3
9804 1 2
9805 1 2
9806 1 3
9807 1 3
9808 1 3
9809 1 2
9810 1 2
9811 1 2
9812 1 2
9813 1 1
9814 1 3
9815 1 3
9816 1 2
9817 1 3
9818 1 2
9819 1 2
9820 1 3
9821 1 2
9822 1 2
9823 1 1
9824 1 1
9825 1 2
9826 1 1
9827 1 1
9828 1 3
9829 1 3
9830 1 1
9831 1 3
9832 1 1
9833 1 3
9834 1 3
9835 1 2
9836 1 2
9837 1 1
9838 1 3
9839 1 3
9840 1 2
9841 1 1
9842 1 2
9843 1 3
9844 1 2
9845 1 2
9846 1 2
9847 1 3
9848 1 2
9849 1 2
9850 1 3
9851 1 2
9852 1 2
9853 1 2
9854 1 3
9855 1 2
9856 1 1
9857 1 2
9858 1 2
9859 1 1
9860 1 3
9861 1 3
9862 1 2
9863 1 3
9864 1 1
9865 1 1
9866 1 3
9867 1 3
9868 1 2
9869 1 1
9870 1 3
9871 1 3
9872 1 2
9873 1 2
9874 1 1
9875 1 2
9876 1 3
9877 1 2
9878 1 2
9879 1 3
9880 1 2
9881 1 2
9882 1 2
9883 1 3
9884 1 2
9885 1 3
9886 1 3
9887 1 3
9888 1 3
9889 1 3
9890 1 3
9891 1 3
9892 1 1
9893 1 3
9894 1 1
9895 1 1
9896 1 1
9897 1 2
9898 1 3
9899 1 2
9900 1 3
9901 1 2
9902 1 2
9903 1 1
9904 1 3
9905 1 3
9906 1 2
9907 1 1
9908 1 1
9909 1 2
9910 1 2
9911 1 3
9912 1 2
9913 1 1
9914 1 2
9915 1 3
9916 1 2
9917 1 2
9918 1 2
9919 1 1
9920 1 3
9921 1 2
9922 1 2
9923 1 2
9924 1 3
9925 1 3
9926 1 3
9927 1 3
9928 1 3
9929 1 3
9930 1 3
9931 1 1
9932 1 1
9933 1 3
9934 1 2
9935 1 3
9936 1 2
9937 1 2
9938 1 1
9939 1 3
9940 1 2
9941 1 2
9942 1 2
9943 1 2
9944 1 2
9945 1 3
9946 1 1
9947 1 1
9948 1 1
9949 1 2
9950 1 1
9951 1 3
9952 1 2
9953 1 1
9954 1 2
9955 1 3
9956 1 2
9957 1 3
9958 1 2
9959 1 2
9960 1 1
9961 1 1
9962 1 3
9963 1 1
9964 1 3
9965 1 1
9966 1 3
9967 1 2
9968 1 3
9969 1 1
9970 1 3
9971 1 2
9972 1 1
9973 1 2
9974 1 3
9975 1 2
9976 1 3
9977 1 3
9978 1 3
9979 1 1
9980 1 1
9981 1 3
9982 1 3
9983 1 2
9984 1 2
9985 1 2
9986 1 2
9987 1 2
9988 1 3
9989 1 2
9990 1 3
9991 1 3
9992 1 3
9993 1 2
9994 1 2
9995 1 3
9996 1 1
9997 1 2
9998 1 2
9999 1 2
10000 1 3
fin9999